Omega = 0
————————————————————————————————
Ma=0.3
————————————————————————————————
 R		n		beta		alpha_r
327.3(503.9)	31.4(28,3)	0.096(0.056)	0.429(0.143)
304.2(474.0)	25.8(23.9)	0.085(0.05)	0.404(0.134)
286.6(440.1)	21.8(20.3)	0.076(0.046)	0.378(0.130)
272.8(431.1)	18.5(18.2)	0.068(0.042)	0.35(0.123)
261.6(415.1)	16.0(15.9)	0.061(0.038)	0.325(0.113)

Ma=0.6
————————————————————————————————
R		n		beta		alpha_r
330.4(516.1)	31.2(28.3)	0.094(0.055)	0.42(0.140)
307.5(478.6)	25.6(23.6)	0.083(0.049)	0.391(0.132)
289.7(450.7)	21.4(20.4)	0.074(0.045)	0.367(0.126)
274.9(437.2)	18.5(18.1)	0.067(0.041)	0.346(0.120)
263.2(423.1)	16.0(15.9)	0.061(0.038)	0.329(0.116)

Ma=0.9
————————————————————————————————
R		n		beta		alpha_r
335.7(534.6)	31.0(28.1)	0.092(0.053)	0.417(0.136)
311.9(493.7)	25.5(23.5)	0.082(0.048)	0.393(0.129)
293.0(467.5)	21.3(20.5)	0.073(0.044)	0.366(0.125)
278.5(450.1)	18.1(18.0)	0.065(0.040)	0.340(0.117)
266.2(436.9)	15.8(15.9)	0.059(0.036)	0.320(0.107)

Ma=1.2
————————————————————————————————
R		n		beta		alpha_r
342.6(564.6)	29.8(27.9)	0.087(0.049)	0.398(0.122)
317.2(518.3)	24.6(23.5)	0.078(0.046)	0.376(0.123)
297.9(492.8)	20.6(20.7)	0.069(0.042)	0.347(0.119)
282.6(472.5)	17.8(18.0)	0.063(0.038)	0.332(0.112)
269.9(455.3)	15.4(15.9)	0.057(0.035)	0.311(0.105)