0.02	-0.009671935396239745
0.0201	-0.00968381956050883
0.0202	-0.009695526853430081
0.0203	-0.009707056522952328
0.0204	-0.00971840780333796
0.0205	-0.009729579915634818
0.0206	-0.009740572067385322
0.0207	-0.009751383452759521
0.0208	-0.009762013252364973
0.0209	-0.009772460633423932
0.021	-0.009782724749634094
0.0211	-0.009792804741029476
0.0212	-0.0098026997342569
0.0213	-0.009812408842196425
0.0214	-0.009821931164207575
0.0215	-0.009831265785876842
0.0216	-0.00984041177917262
0.0217	-0.00984936820222174
0.0218	-0.009858134099427188
0.0219	-0.009866708501344197
0.022	-0.009875090424608204
0.0221	-0.009883278871905463
0.0222	-0.009891272831989774
0.0223	-0.009899071279676038
0.0224	-0.009906673175521557
0.0225	-0.00991407746606092
0.0226	-0.009921283083643515
0.0227	-0.00992828894640931
0.0228	-0.00993509395805951
0.0229	-0.009941697008203788
0.023	-0.009948096971831903
0.0231	-0.009954292709593774
0.0232	-0.009960283067609372
0.0233	-0.009966066877340649
0.0234	-0.009971642955723928
0.0235	-0.009977010105072473
0.0236	-0.009982167112699138
0.0237	-0.009987112751312175
0.0238	-0.00999184577879039
0.0239	-0.009996364937920211
0.024	-0.010000668956580937
0.0241	-0.010004756547653789
0.0242	-0.01000862640886268
0.0243	-0.010012277222812534
0.0244	-0.01001570765685697
0.0245	-0.010018916363046334
0.0246	-0.010021901978220749
0.0247	-0.010024663123603287
0.0248	-0.01002719840529755
0.0249	-0.010029506413674815
0.025	-0.01003158572355973
0.0251	-0.010033434894328645
0.0252	-0.01003505246958205
0.0253	-0.010036436977166274
0.0254	-0.010037586929377248
0.0255	-0.010038500822546419
0.0256	-0.01003917713726912
0.0257	-0.010039614338180495
0.0258	-0.010039810873977626
0.0259	-0.010039765177521991
0.026	-0.010039475665585093
0.0261	-0.010038940738853471
0.0262	-0.010038158782043156
0.0263	-0.010037128163801694
0.0264	-0.01003584723648915
0.0265	-0.01003431433650176
0.0266	-0.010032527783982283
0.0267	-0.01003048588284901
0.0268	-0.010028186920880477
0.0269	-0.010025629169626378
0.027	-0.010022810884418563
0.0271	-0.010019730304303594
0.0272	-0.010016385652147604
0.0273	-0.010012775134557552
0.0274	-0.010008896941928302
0.0275	-0.010004749248431997
0.0276	-0.010000330212012642
0.0277	-0.009995637974512842
0.0278	-0.009990670661423874
0.0279	-0.00998542638230009
0.028	-0.009979903230493619
0.0281	-0.009974099283271188
0.0282	-0.00996801260183865
0.0283	-0.009961641231511897
0.0284	-0.009954983201546346
0.0285	-0.00994803652538978
0.0286	-0.009940799200684424
0.0287	-0.009933269209248342
0.0288	-0.009925444517195837
0.0289	-0.009917323075173462
0.029	-0.009908902818084033
0.0291	-0.009900181665701682
0.0292	-0.009891157522141203
0.0293	-0.009881828276447503
0.0294	-0.00987219180254514
0.0295	-0.009862245959354698
0.0296	-0.009851988590735859
0.0297	-0.009841417526074184
0.0298	-0.009830530579910558
0.0299	-0.009819325552385863
0.03	-0.009807800229296025
0.0301	-0.009795952382293416
0.0302	-0.009783779768963746
0.0303	-0.009771280133175908
0.0304	-0.009758451204968063
0.0305	-0.00974529070115617
0.0306	-0.009731796325059053
0.0307	-0.009717965767076503
0.0308	-0.009703796704777988
0.0309	-0.009689286802943602
0.031	-0.009674433714207743
0.0311	-0.009659235078834634
0.0312	-0.009643688525334244
0.0313	-0.00962779167041849
0.0314	-0.009611542119597758
0.0315	-0.009594937467215927
0.0316	-0.009577975296685038
0.0317	-0.009560653180964978
0.0318	-0.009542968682859528
0.0319	-0.009524919355221576
0.032	-0.009506502741163493
0.0321	-0.00948771637475995
0.0322	-0.009468557781046955
0.0323	-0.009449024476551946
0.0324	-0.009429113969417703
0.0325	-0.009408823760128552
0.0326	-0.009388151341697537
0.0327	-0.009367094199954537
0.0328	-0.009345649814181237
0.0329	-0.009323815657257354
0.033	-0.009301589196329771
0.0331	-0.009278967893072296
0.0332	-0.009255949204142879
0.0333	-0.009232530581701311
0.0334	-0.009208709473863664
0.0335	-0.00918448332509699
0.0336	-0.009159849576637808
0.0337	-0.009134805667290304
0.0338	-0.00910934903347472
0.0339	-0.009083477110076463
0.034	-0.009057187330791607
0.0341	-0.009030477128868696
0.0342	-0.00900334393720471
0.0343	-0.008975785189251045
0.0344	-0.008947798319570602
0.0345	-0.008919380764249234
0.0346	-0.008890529961435177
0.0347	-0.008861243351940374
0.0348	-0.008831518380035411
0.0349	-0.008801352493707294
0.035	-0.008770743145549363
0.0351	-0.008739687793133125
0.0352	-0.00870818389976548
0.0353	-0.008676228935093643
0.0354	-0.008643820375647128
0.0355	-0.008610955705561233
0.0356	-0.00857763241725218
0.0357	-0.008543848011837865
0.0358	-0.008509600000154357
0.0359	-0.008474885902974356
0.036	-0.008439703252061512
0.0361	-0.008404049590569031
0.0362	-0.008367922473931155
0.0363	-0.008331319470260092
0.0364	-0.008294238161365515
0.0365	-0.008256676142986908
0.0366	-0.008218631025994877
0.0367	-0.00818010043666063
0.0368	-0.008141082017505968
0.0369	-0.0081015734280706
0.037	-0.008061572345370631
0.0371	-0.008021076464855482
0.0372	-0.007980083500913582
0.0373	-0.007938591187553688
0.0374	-0.007896597279244447
0.0375	-0.007854099551463312
0.0376	-0.007811095801420739
0.0377	-0.007767583848737355
0.0378	-0.00772356153615047
0.0379	-0.007679026730135673
0.038	-0.0076339773216249325
0.0381	-0.0075884112266574
0.0382	-0.0075423263870535735
0.0383	-0.007495720770943827
0.0384	-0.007448592373675887
0.0385	-0.0074009392182112785
0.0386	-0.0073527593558897954
0.0387	-0.007304050867032304
0.0388	-0.007254811861531643
0.0389	-0.00720504047947526
0.039	-0.007154734891732482
0.0391	-0.007103893300690637
0.0392	-0.007052513940501558
0.0393	-0.007000595078089927
0.0394	-0.006948135013338488
0.0395	-0.006895132079744825
0.0396	-0.006841584645208169
0.0397	-0.006787491112055445
0.0398	-0.0067328499180140874
0.0399	-0.006677659536433976
0.04	-0.006621918476940618
0.0401	-0.006565625285727827
0.0402	-0.006508778546103237
0.0403	-0.006451376878978455
0.0404	-0.006393418943131079
0.0405	-0.0063349034358565854
0.0406	-0.006275829093034145
0.0407	-0.00621619468975397
0.0408	-0.006155999040537999
0.0409	-0.006095240999719931
0.041	-0.006033919461786845
0.0411	-0.005972033361635019
0.0412	-0.005909581674813008
0.0413	-0.005846563417856948
0.0414	-0.005782977648582521
0.0415	-0.005718823466096238
0.0416	-0.00565410001120376
0.0417	-0.005588806466594334
0.0418	-0.005522942056766985
0.0419	-0.0054565060484692155
0.042	-0.005389497750625968
0.0421	-0.005321916514566863
0.0422	-0.005253761734070862
0.0423	-0.0051850328452835185
0.0424	-0.005115729327000796
0.0425	-0.00504585070060721
0.0426	-0.004975396529931412
0.0427	-0.004904366421487141
0.0428	-0.004832760024248434
0.0429	-0.004760577029605069
0.043	-0.004687817171421484
0.0431	-0.0046144802257293
0.0432	-0.004540566010874016
0.0433	-0.0044660743871272075
0.0434	-0.004391005256689165
0.0435	-0.004315358563501974
0.0436	-0.004239134292941326
0.0437	-0.00416233247179046
0.0438	-0.0040849531678696285
0.0439	-0.0040069964898459395
0.044	-0.003928462586922292
0.0441	-0.003849351648732989
0.0442	-0.003769663904748593
0.0443	-0.0036893996241695883
0.0444	-0.0036085591156821027
0.0445	-0.003527142726846724
0.0446	-0.0034451508438566618
0.0447	-0.003362583891297851
0.0448	-0.003279442331564112
0.0449	-0.0031957266645625633
0.045	-0.0031114374272688218
0.0451	-0.003026575193265966
0.0452	-0.0029411405723805133
0.0453	-0.002855134210053141
0.0454	-0.002768556787181332
0.0455	-0.0026814090193150544
0.0456	-0.002593691656380315
0.0457	-0.0025054054820634764
0.0458	-0.002416551313284899
0.0459	-0.002327129999896603
0.046	-0.002237142423866
0.0461	-0.002146589498902833
0.0462	-0.00205547216993597
0.0463	-0.0019637914124492947
0.0464	-0.001871548232014649
0.0465	-0.0017787436637058684
0.0466	-0.0016853787715333005
0.0467	-0.001591454647789574
0.0468	-0.001496972412656498
0.0469	-0.0014019332133736724
0.047	-0.0013063382239192846
0.0471	-0.0012101886442001631
0.0472	-0.0011134856995123447
0.0473	-0.0010162306400358352
0.0474	-0.0009184247402127929
0.0475	-0.0008200692979936498
0.0476	-0.0007211656344141414
0.0477	-0.0006217150930165162
0.0478	-0.0005217190390030146
0.0479	-0.0004211788589073033
0.048	-0.0003200959599124967
0.0481	-0.00021847176909155292
0.0482	-0.00011630773309274731
0.0483	-1.3605317346414691e-5
0.0484	8.963399453935231e-5
0.0485	0.00019340870123827714
0.0486	0.00029771728432979085
0.0487	0.00040255820899566573
0.0488	0.0005079299244936199
0.0489	0.0006138308647009193
0.049	0.0007202594488548613
0.0491	0.0008272140819273788
0.0492	0.0009346931552905645
0.0493	0.0010426950471699094
0.0494	0.0011512181234596005
0.0495	0.0012602607379672353
0.0496	0.0013698212330362479
0.0497	0.0014798979402416692
0.0498	0.0015904891806997547
0.0499	0.0017015932657441068
0.05	0.0018132084972906774
0.0501	0.001925333168546678
0.0502	0.0020379655643052033
0.0503	0.0021511039616006157
0.0504	0.002264746630140058
0.0505	0.0023788918326562956
0.0506	0.0024935378256343405
0.0507	0.0026086828595175346
0.0508	0.0027243251793603886
0.0509	0.00284046302510614
0.051	0.0029570946322132236
0.0511	0.0030742182319266034
0.0512	0.003191832051746884
0.0513	0.0033099343158889787
0.0514	0.003428523245640751
0.0515	0.003547597059821435
0.0516	0.003667153975047587
0.0517	0.003787192206263302
0.0518	0.0039077099670333975
0.0519	0.004028705469903183
0.052	0.004150176926771818
0.0521	0.004272122549213476
0.0522	0.004394540548950111
0.0523	0.0045174291379594875
0.0524	0.004640786528952899
0.0525	0.004764610935687892
0.0526	0.004888900573198069
0.0527	0.0050136536581073775
0.0528	0.005138868409061572
0.0529	0.005264543046730549
0.053	0.005390675794361321
0.0531	0.005517264877894069
0.0532	0.005644308526230234
0.0533	0.00577180497152038
0.0534	0.00589975244948408
0.0535	0.006028149199376063
0.0536	0.0061569934645019095
0.0537	0.006286283492295878
0.0538	0.006416017534596383
0.0539	0.006546193847790902
0.054	0.006676810693032561
0.0541	0.0068078663364346285
0.0542	0.006939359049274117
0.0543	0.0070712871081709955
0.0544	0.007203648795195356
0.0545	0.0073364423980710235
0.0546	0.007469666210351251
0.0547	0.0076033185315975685
0.0548	0.007737397667408774
0.0549	0.007871901929623289
0.055	0.008006829636522567
0.0551	0.008142179112789612
0.0552	0.008277948689805926
0.0553	0.00841413670564174
0.0554	0.008550741505217643
0.0555	0.008687761440379886
0.0556	0.008825194870030034
0.0557	0.008963040160146188
0.0558	0.009101295683986151
0.0559	0.00923995982204307
0.056	0.009379030962178885
0.0561	0.009518507499739138
0.0562	0.009658387837456862
0.0563	0.009798670385804158
0.0564	0.009939353562689924
0.0565	0.010080435793820435
0.0566	0.010221915512537108
0.0567	0.010363791159948966
0.0568	0.010506061185006119
0.0569	0.010648724044494039
0.057	0.010791778202942253
0.0571	0.010935222132883516
0.0572	0.011079054314752144
0.0573	0.011223273236861508
0.0574	0.011367877395478747
0.0575	0.011512865294857793
0.0576	0.011658235447190397
0.0577	0.011803986372618171
0.0578	0.011950116599326814
0.0579	0.012096624663384983
0.058	0.012243509108868149
0.0581	0.012390768487816192
0.0582	0.012538401360219777
0.0583	0.012686406293972455
0.0584	0.012834781864908497
0.0585	0.012983526656776248
0.0586	0.013132639261171194
0.0587	0.013282118277612267
0.0588	0.013431962313372264
0.0589	0.013582169983579466
0.059	0.013732739911110695
0.0591	0.013883670726615064
0.0592	0.014034961068446549
0.0593	0.014186609582619698
0.0594	0.01433861492278565
0.0595	0.014490975750209835
0.0596	0.014643690733685207
0.0597	0.014796758549536842
0.0598	0.014950177881588145
0.0599	0.0151039474210159
0.06	0.015258065866393541
0.0601	0.01541253192367997
0.0602	0.0155673443060271
0.0603	0.01572250173385306
0.0604	0.015878002934706193
0.0605	0.016033846643339407
0.0606	0.016190031601421847
0.0607	0.01634655655777247
0.0608	0.016503420268043523
0.0609	0.016660621494805926
0.061	0.016818159007510814
0.0611	0.01697603158228387
0.0612	0.017134238002022437
0.0613	0.017292777056251953
0.0614	0.017451647541031796
0.0615	0.01761084825896563
0.0616	0.01777037801913155
0.0617	0.017930235636968307
0.0618	0.018090419934214685
0.0619	0.01825092973889672
0.062	0.018411763885207367
0.0621	0.018572921213438003
0.0622	0.01873440056994404
0.0623	0.01889620080707099
0.0624	0.019058320783046447
0.0625	0.019220759361998928
0.0626	0.019383515413774935
0.0627	0.019546587813926077
0.0628	0.019709975443662316
0.0629	0.0198736771897514
0.063	0.020037691944426988
0.0631	0.020202018605366925
0.0632	0.020366656075605748
0.0633	0.020531603263398625
0.0634	0.020696859082274317
0.0635	0.020862422450896936
0.0636	0.021028292292913073
0.0637	0.02119446753707257
0.0638	0.021360947116953626
0.0639	0.021527729971021127
0.064	0.021694815042535388
0.0641	0.021862201279400535
0.0642	0.0220298876342003
0.0643	0.02219787306411428
0.0644	0.02236615653076157
0.0645	0.022534737000134475
0.0646	0.022703613442679668
0.0647	0.02287278483305077
0.0648	0.02304225015011495
0.0649	0.023212008376874635
0.065	0.023382058500426364
0.0651	0.023552399511810544
0.0652	0.02372303040602569
0.0653	0.023893950181906966
0.0654	0.024065157842075705
0.0655	0.024236652392847852
0.0656	0.024408432844230006
0.0657	0.024580498209748686
0.0658	0.02475284750644568
0.0659	0.024925479754810898
0.066	0.02509839397874794
0.0661	0.025271589205329566
0.0662	0.025445064465004594
0.0663	0.02561881879126775
0.0664	0.025792851220806247
0.0665	0.025967160793252137
0.0666	0.0261417465512403
0.0667	0.02631660754032091
0.0668	0.026491742808857667
0.0669	0.026667151407916978
0.067	0.026842832391393914
0.0671	0.027018784815677162
0.0672	0.027195007739809825
0.0673	0.02737150022532691
0.0674	0.02754826133617347
0.0675	0.02772529013868638
0.0676	0.027902585701565612
0.0677	0.02808014709568245
0.0678	0.028257973394128895
0.0679	0.028436063672155513
0.068	0.028614417007031483
0.0681	0.028793032478056545
0.0682	0.028971909166448602
0.0683	0.029151046155343436
0.0684	0.02933044252967858
0.0685	0.029510097376141187
0.0686	0.029690009783179157
0.0687	0.02987017884078522
0.0688	0.030050603640644633
0.0689	0.03023128327591117
0.069	0.030412216841225005
0.0691	0.030593403432639707
0.0692	0.03077484214756719
0.0693	0.030956532084744616
0.0694	0.031138472344091506
0.0695	0.03132066202678982
0.0696	0.031503100235104664
0.0697	0.031685786072408455
0.0698	0.031868718643124565
0.0699	0.0320518970525868
0.07	0.03223532040708638
0.0701	0.03241898781378143
0.0702	0.03260289838065914
0.0703	0.03278705121643152
0.0704	0.032971445430571344
0.0705	0.03315608013316837
0.0706	0.03334095443496308
0.0707	0.033526067447189375
0.0708	0.03371141828170876
0.0709	0.03389700605069116
0.071	0.03408282986688381
0.0711	0.03426888884325262
0.0712	0.034455182093203626
0.0713	0.03464170873029285
0.0714	0.03482846786840053
0.0715	0.03501545862153678
0.0716	0.03520268010384505
0.0717	0.035390131429548013
0.0718	0.035577811712920404
0.0719	0.03576572006823907
0.072	0.03595385560969913
0.0721	0.03614221745143991
0.0722	0.036330804707449864
0.0723	0.03651961649150119
0.0724	0.0367086519172167
0.0725	0.03689791009788672
0.0726	0.037087390146540555
0.0727	0.03727709117584422
0.0728	0.03746701229805745
0.0729	0.03765715262504991
0.073	0.03784751126820395
0.0731	0.0380380873383914
0.0732	0.03822887994591792
0.0733	0.03841988820055879
0.0734	0.03861111121143714
0.0735	0.03880254808702921
0.0736	0.03899419793505676
0.0737	0.03918605986258694
0.0738	0.03937813297585254
0.0739	0.03957041638034242
0.074	0.039762909180640106
0.0741	0.03995561048052467
0.0742	0.04014851938279644
0.0743	0.0403416349893455
0.0744	0.04053495640106903
0.0745	0.040728482717908306
0.0746	0.04092221303868164
0.0747	0.04111614646112549
0.0748	0.041310282081981835
0.0749	0.041504618996746546
0.075	0.041699156299777926
0.0751	0.041893893084256166
0.0752	0.042088828442079465
0.0753	0.04228396146395036
0.0754	0.042479291239226294
0.0755	0.04267481685598219
0.0756	0.04287053740092349
0.0757	0.04306645195942282
0.0758	0.04326255961540501
0.0759	0.04345885945137551
0.076	0.043655350548432455
0.0761	0.043852031986121594
0.0762	0.04404890284252943
0.0763	0.04424596219421626
0.0764	0.044443209116166504
0.0765	0.04464064268177245
0.0766	0.044838261962876755
0.0767	0.045036066029639304
0.0768	0.04523405395059511
0.0769	0.045432224792618006
0.077	0.045630577620857066
0.0771	0.04582911149875767
0.0772	0.04602782548806212
0.0773	0.04622671864872168
0.0774	0.0464257900389107
0.0775	0.04662503871498906
0.0776	0.04682446373158505
0.0777	0.04702406414138476
0.0778	0.047223838995291076
0.0779	0.047423787342287416
0.078	0.047623908229533184
0.0781	0.04782420070217625
0.0782	0.04802466380356102
0.0783	0.04822529657503827
0.0784	0.048426098055998755
0.0785	0.04862706728384806
0.0786	0.048828203294081926
0.0787	0.0490295051201095
0.0788	0.049230971793360945
0.0789	0.04943260234323007
0.079	0.04963439579712908
0.0791	0.04983635118032928
0.0792	0.05003846751611227
0.0793	0.05024074382565448
0.0794	0.050443179128007457
0.0795	0.05064577244019003
0.0796	0.050848522777074065
0.0797	0.05105142915145442
0.0798	0.05125449057393265
0.0799	0.05145770605302859
0.08	0.051661074595108034
0.0801	0.05186459520435266
0.0802	0.05206826688281697
0.0803	0.05227208863037565
0.0804	0.05247605944474786
0.0805	0.05268017832144065
0.0806	0.052884444253765955
0.0807	0.0530888562328942
0.0808	0.053293413247789925
0.0809	0.05349811428514825
0.081	0.053702958329541715
0.0811	0.05390794436330422
0.0812	0.05411307136653841
0.0813	0.05431833831715061
0.0814	0.05452374419085249
0.0815	0.054729287961095746
0.0816	0.054934968599105495
0.0817	0.055140785073940844
0.0818	0.05534673635241519
0.0819	0.055552821399088674
0.082	0.05575903917633243
0.0821	0.055965388644309895
0.0822	0.05617186876093683
0.0823	0.056378478481924454
0.0824	0.0565852167607531
0.0825	0.05679208254872964
0.0826	0.056999074794945974
0.0827	0.057206192446238834
0.0828	0.057413434447287144
0.0829	0.057620799740559434
0.083	0.057828287266363146
0.0831	0.05803589596278512
0.0832	0.05824362476574345
0.0833	0.05845147260896
0.0834	0.05865943842403398
0.0835	0.05886752114037685
0.0836	0.05907571968527059
0.0837	0.059284032983813705
0.0838	0.05949245995899041
0.0839	0.0597009995316906
0.084	0.05990965062061439
0.0841	0.060118412142412876
0.0842	0.06032728301163108
0.0843	0.0605362621407101
0.0844	0.060745348440016306
0.0845	0.06095454081788376
0.0846	0.06116383818056055
0.0847	0.06137323943224874
0.0848	0.06158274347516132
0.0849	0.06179234920947498
0.085	0.06200205553337268
0.0851	0.06221186134303742
0.0852	0.06242176553273227
0.0853	0.0626317669946516
0.0854	0.06284186461919078
0.0855	0.06305205729472589
0.0856	0.06326234390776092
0.0857	0.0634727233429245
0.0858	0.0636831944828545
0.0859	0.0638937562085244
0.086	0.0641044073989348
0.0861	0.06431514693128583
0.0862	0.06452597368101023
0.0863	0.06473688652171194
0.0864	0.06494788432530348
0.0865	0.06515896596183508
0.0866	0.06537013029976436
0.0867	0.06558137620577434
0.0868	0.065792702544862
0.0869	0.0660041081804377
0.087	0.06621559197417033
0.0871	0.06642715278618627
0.0872	0.06663878947499062
0.0873	0.06685050089755278
0.0874	0.06706228590925131
0.0875	0.06727414336396313
0.0876	0.06748607211409291
0.0877	0.06769807101052241
0.0878	0.06791013890274077
0.0879	0.06812227463877743
0.088	0.06833447706529006
0.0881	0.06854674502752092
0.0882	0.06875907736941912
0.0883	0.0689714729336
0.0884	0.06918393056140937
0.0885	0.06939644909286698
0.0886	0.06960902736684174
0.0887	0.06982166422093543
0.0888	0.07003435849161882
0.0889	0.07024710901418067
0.089	0.07045991462279755
0.0891	0.0706727741505799
0.0892	0.0708856864295489
0.0893	0.07109865029073187
0.0894	0.07131166456411502
0.0895	0.07152472807875646
0.0896	0.07173783966277074
0.0897	0.07195099814334527
0.0898	0.07216420234682501
0.0899	0.07237745109871113
0.09	0.072590743223678
0.0901	0.07280407754566667
0.0902	0.07301745288781569
0.0903	0.07323086807261703
0.0904	0.07344432192183789
0.0905	0.07365781325666886
0.0906	0.07387134089762686
0.0907	0.07408490366470008
0.0908	0.07429850037737129
0.0909	0.07451212985448769
0.091	0.07472579091461055
0.0911	0.07493948237577376
0.0912	0.07515320305560644
0.0913	0.07536695177143374
0.0914	0.07558072734023426
0.0915	0.07579452857865679
0.0916	0.07600835430319869
0.0917	0.07622220333008847
0.0918	0.07643607447535675
0.0919	0.07664996655496725
0.092	0.07686387838473421
0.0921	0.07707780878043079
0.0922	0.0772917565578268
0.0923	0.07750572053265706
0.0924	0.07771969952077827
0.0925	0.07793369233809834
0.0926	0.07814769780065213
0.0927	0.07836171472470513
0.0928	0.07857574192668398
0.0929	0.07878977822327143
0.093	0.07900382243144807
0.0931	0.07921787336856499
0.0932	0.07943192985226594
0.0933	0.07964599070069071
0.0934	0.07986005473235847
0.0935	0.08007412076634174
0.0936	0.08028818762222154
0.0937	0.08050225412014929
0.0938	0.0807163190808944
0.0939	0.08093038132589221
0.094	0.08114443967725801
0.0941	0.08135849295786252
0.0942	0.08157253999136427
0.0943	0.0817865796022319
0.0944	0.08200061061575127
0.0945	0.0822146318582519
0.0946	0.08242864215683787
0.0947	0.08264264033970772
0.0948	0.08285662523608733
0.0949	0.0830705956762284
0.095	0.08328455049152918
0.0951	0.08349848851455648
0.0952	0.08371240857905729
0.0953	0.08392630952000729
0.0954	0.0841401901736881
0.0955	0.08435404937771718
0.0956	0.0845678859710375
0.0957	0.08478169879405197
0.0958	0.08499548668859368
0.0959	0.0852092484979928
0.096	0.08542298306709831
0.0961	0.08563668924237225
0.0962	0.08585036587191297
0.0963	0.08606401180539366
0.0964	0.08627762589430946
0.0965	0.08649120699183306
0.0966	0.08670475395296243
0.0967	0.08691826563453528
0.0968	0.08713174089516243
0.0969	0.08734517859555131
0.097	0.08755857759822583
0.0971	0.08777193676784048
0.0972	0.08798525497092939
0.0973	0.08819853107625135
0.0974	0.08841176395462874
0.0975	0.08862495247908236
0.0976	0.08883809552483092
0.0977	0.08905119196935402
0.0978	0.08926424069242946
0.0979	0.08947724057616789
0.098	0.08969019050506162
0.0981	0.08990308936599058
0.0982	0.09011593604838859
0.0983	0.09032872944404091
0.0984	0.09054146844742808
0.0985	0.09075415195551048
0.0986	0.0909667788679368
0.0987	0.09117934808697029
0.0988	0.09139185851761754
0.0989	0.09160430906760997
0.099	0.09181669864746134
0.0991	0.0920290261705113
0.0992	0.09224129055298612
0.0993	0.0924534907139911
0.0994	0.09266562557556728
0.0995	0.09287769406278014
0.0996	0.09308969510365502
0.0997	0.09330162762934151
0.0998	0.09351349057404221
0.0999	0.09372528287511292
0.1	0.09393700347309077
0.1001	0.09414865131170991
0.1002	0.09436022533796104
0.1003	0.09457172450211784
0.1004	0.09478314775781467
0.1005	0.0949944940619847
0.1006	0.09520576237499524
0.1007	0.09541695166067593
0.1008	0.09562806088628166
0.1009	0.0958390890226048
0.101	0.0960500350439586
0.1011	0.0962608979282446
0.1012	0.0964716766569903
0.1013	0.09668237021534787
0.1014	0.09689297759218356
0.1015	0.09710349778007535
0.1016	0.09731392977532159
0.1017	0.09752427257803405
0.1018	0.09773452519216526
0.1019	0.09794468662547007
0.102	0.09815475588964828
0.1021	0.09836473200024048
0.1022	0.09857461397683087
0.1023	0.09878440084291529
0.1024	0.09899409162604891
0.1025	0.09920368535782022
0.1026	0.09941318107382721
0.1027	0.09962257781392728
0.1028	0.09983187462197735
0.1029	0.1000410705460846
0.103	0.10025016463852066
0.1031	0.100459155955781
0.1032	0.10066804355865551
0.1033	0.10087682651217264
0.1034	0.10108550388571394
0.1035	0.10129407475298308
0.1036	0.10150253819209507
0.1037	0.101710893285479
0.1038	0.1019191391200687
0.1039	0.10212727478724373
0.104	0.10233529938280841
0.1041	0.10254321200713165
0.1042	0.10275101176508078
0.1043	0.10295869776609917
0.1044	0.10316626912419077
0.1045	0.10337372495796097
0.1046	0.10358106439068253
0.1047	0.10378828655023403
0.1048	0.10399539056921295
0.1049	0.10420237558491523
0.105	0.10440924073928806
0.1051	0.10461598517913555
0.1052	0.10482260805595668
0.1053	0.10502910852603647
0.1054	0.1052354857505155
0.1055	0.10544173889532633
0.1056	0.10564786713127206
0.1057	0.10585386963401931
0.1058	0.10605974558412541
0.1059	0.1062654941670626
0.106	0.10647111457322239
0.1061	0.10667660599795271
0.1062	0.10688196764159
0.1063	0.10708719870939368
0.1064	0.10729229841166951
0.1065	0.10749726596374827
0.1066	0.10770210058597227
0.1067	0.10790680150373039
0.1068	0.10811136794745352
0.1069	0.10831579915275556
0.107	0.10852009436022933
0.1071	0.10872425281564367
0.1072	0.10892827376986618
0.1073	0.10913215647891611
0.1074	0.109335900203957
0.1075	0.10953950421130842
0.1076	0.10974296777250307
0.1077	0.10994629016421202
0.1078	0.11014947066834807
0.1079	0.11035250857201961
0.108	0.11055540316755119
0.1081	0.11075815375252862
0.1082	0.1109607596297406
0.1083	0.11116322010726618
0.1084	0.1113655344984235
0.1085	0.11156770212182393
0.1086	0.11176972230132362
0.1087	0.11197159436613682
0.1088	0.1121733176506768
0.1089	0.11237489149475849
0.109	0.11257631524343592
0.1091	0.11277758824709952
0.1092	0.11297870986148839
0.1093	0.11317967944764837
0.1094	0.11338049637199017
0.1095	0.11358116000617408
0.1096	0.1137816697273225
0.1097	0.11398202491785837
0.1098	0.1141822249655302
0.1099	0.11438226926348537
0.11	0.11458215721019893
0.1101	0.11478188820953235
0.1102	0.1149814616706895
0.1103	0.11518087700826803
0.1104	0.11538013364222302
0.1105	0.11557923099785399
0.1106	0.115778168505856
0.1107	0.11597694560232087
0.1108	0.11617556172866092
0.1109	0.11637401633168815
0.111	0.11657230886356762
0.1111	0.1167704387818645
0.1112	0.11696840554949972
0.1113	0.11716620863474037
0.1114	0.11736384751123607
0.1115	0.1175613216580087
0.1116	0.1177586305594252
0.1117	0.11795577370520693
0.1118	0.11815275059047302
0.1119	0.1183495607156188
0.112	0.11854620358642225
0.1121	0.11874267871405494
0.1122	0.11893898561492937
0.1123	0.119135123810853
0.1124	0.11933109282893824
0.1125	0.11952689220165376
0.1126	0.11972252146674561
0.1127	0.11991798016724729
0.1128	0.1201132678515522
0.1129	0.12030838407333712
0.113	0.12050332839154966
0.1131	0.12069810037041262
0.1132	0.1208926995794485
0.1133	0.12108712559341728
0.1134	0.1212813779923489
0.1135	0.12147545636152024
0.1136	0.12166936029146813
0.1137	0.12186308937792306
0.1138	0.12205664322183346
0.1139	0.12225002142940435
0.114	0.12244322361197682
0.1141	0.1226362493861481
0.1142	0.12282909837366249
0.1143	0.12302177020138597
0.1144	0.12321426450142409
0.1145	0.12340658091098963
0.1146	0.12359871907242168
0.1147	0.12379067863317438
0.1148	0.12398245924581726
0.1149	0.12417406056805975
0.115	0.12436548226259912
0.1151	0.12455672399730118
0.1152	0.12474778544501701
0.1153	0.12493866628369046
0.1154	0.1251293661962592
0.1155	0.12531988487069798
0.1156	0.12551022199997547
0.1157	0.12570037728203412
0.1158	0.12589035041980906
0.1159	0.1260801411211872
0.116	0.12626974909897654
0.1161	0.12645917407096
0.1162	0.12664841575974325
0.1163	0.12683747389290162
0.1164	0.1270263482028909
0.1165	0.127215038426993
0.1166	0.12740354430733491
0.1167	0.1275918655909109
0.1168	0.1277800020294773
0.1169	0.12796795337962955
0.117	0.12815571940271253
0.1171	0.12834329986485765
0.1172	0.12853069453687346
0.1173	0.12871790319440896
0.1174	0.12890492561772
0.1175	0.12909176159178348
0.1176	0.12927841090626485
0.1177	0.12946487335544898
0.1178	0.129651148738287
0.1179	0.12983723685831072
0.118	0.1300231375236925
0.1181	0.13020885054713144
0.1182	0.13039437574593057
0.1183	0.13057971294188309
0.1184	0.130764861961349
0.1185	0.13094982263515303
0.1186	0.13113459479861503
0.1187	0.13131917829149992
0.1188	0.1315035729580346
0.1189	0.13168777864682676
0.119	0.1318717952109235
0.1191	0.13205562250775163
0.1192	0.13223926039903416
0.1193	0.13240581350962172
0.1194	0.13211974229912593
0.1195	0.13183394858492492
0.1196	0.13154843256336718
0.1197	0.13126319442612738
0.1198	0.1309782343601935
0.1199	0.13069355254780818
0.12	0.13040914916648497
0.1201	0.13012502438923282
0.1202	0.12984117838420087
0.1203	0.1295576113150992
0.1204	0.12927432334100852
0.1205	0.12899131461639268
0.1206	0.1287085852912095
0.1207	0.12842613551081533
0.1208	0.12814396541620446
0.1209	0.12786207514378203
0.121	0.12758046482550095
0.1211	0.1272991345889771
0.1212	0.12701808455725278
0.1213	0.12673731484912185
0.1214	0.12645682557902127
0.1215	0.12617661685690892
0.1216	0.12589668878856494
0.1217	0.12561704147544434
0.1218	0.125337675014682
0.1219	0.12505858949921494
0.122	0.1247797850177327
0.1221	0.12450126165476179
0.1222	0.12422301949060191
0.1223	0.12394505860145787
0.1224	0.12366737905934204
0.1225	0.1233899809322264
0.1226	0.1231128642839503
0.1227	0.12283602917440001
0.1228	0.12255947565927716
0.1229	0.12228320379039066
0.123	0.12200721361548254
0.1231	0.12173150517846029
0.1232	0.121456078519157
0.1233	0.12118093367357227
0.1234	0.12090607067381354
0.1235	0.12063148954822453
0.1236	0.12035719032080933
0.1237	0.12008317301257841
0.1238	0.11980943764011738
0.1239	0.11953598421650703
0.124	0.11926281275102917
0.1241	0.11898992324915444
0.1242	0.11871731571285944
0.1243	0.11844499014027143
0.1244	0.11817294652599383
0.1245	0.11790118486088028
0.1246	0.11762970513236508
0.1247	0.11735850732410127
0.1248	0.11708759141636749
0.1249	0.11681695738582118
0.125	0.11654660520565305
0.1251	0.11627653484552405
0.1252	0.11600674627173574
0.1253	0.1157372394471188
0.1254	0.11546801433105883
0.1255	0.11519907087959064
0.1256	0.11493040904540515
0.1257	0.1146620287778442
0.1258	0.11439393002294505
0.1259	0.1141261127234488
0.126	0.11385857681885739
0.1261	0.11359132224542548
0.1262	0.11332434893616268
0.1263	0.11305765682093476
0.1264	0.11279124582641656
0.1265	0.11252511587613567
0.1266	0.11225926689051463
0.1267	0.11199369878686534
0.1268	0.11172841147944435
0.1269	0.11146340487943812
0.127	0.11119867889505852
0.1271	0.11093423343141527
0.1272	0.11067006839070298
0.1273	0.11040618367220756
0.1274	0.11014257917221369
0.1275	0.10987925478405867
0.1276	0.10961621039832474
0.1277	0.10935344590258052
0.1278	0.10909096118169355
0.1279	0.10882875611755441
0.128	0.10856683058950842
0.1281	0.10830518447375931
0.1282	0.10804381764410986
0.1283	0.10778272997150609
0.1284	0.10752192132415306
0.1285	0.10726139156757239
0.1286	0.10700114056472211
0.1287	0.1067411681757986
0.1288	0.10648147425851881
0.1289	0.10622205866785212
0.129	0.10596292125628709
0.1291	0.10570406187386
0.1292	0.10544548036784018
0.1293	0.10518717658322221
0.1294	0.10492915036239375
0.1295	0.10467140154529776
0.1296	0.10441392996944175
0.1297	0.10415673547004138
0.1298	0.10389981787969096
0.1299	0.10364317702873407
0.13	0.10338681274519547
0.1301	0.10313072485470566
0.1302	0.10287491318057815
0.1303	0.10261937754389112
0.1304	0.10236411776348636
0.1305	0.10210913365574434
0.1306	0.10185442503516037
0.1307	0.10159999171372719
0.1308	0.10134583350138186
0.1309	0.10109195020588295
0.131	0.10083834163285701
0.1311	0.10058500758580417
0.1312	0.10033194786606388
0.1313	0.10007916227302772
0.1314	0.09982665060385294
0.1315	0.09957441265378203
0.1316	0.0993224482159922
0.1317	0.09907075708167151
0.1318	0.09881933903999775
0.1319	0.09856819387822867
0.132	0.0983173213815989
0.1321	0.09806672133360207
0.1322	0.09781639351559664
0.1323	0.09756633770718741
0.1324	0.09731655368610378
0.1325	0.0970670412281876
0.1326	0.09681780010756257
0.1327	0.09656883009637636
0.1328	0.09632013096510643
0.1329	0.09607170248245374
0.133	0.09582354441533095
0.1331	0.09557565652893076
0.1332	0.09532803858671565
0.1333	0.09508069035051338
0.1334	0.09483361158043932
0.1335	0.09458680203487613
0.1336	0.09434026147068783
0.1337	0.09409398964304719
0.1338	0.09384798630555638
0.1339	0.09360225121015325
0.134	0.09335678410732504
0.1341	0.0931115847459261
0.1342	0.0928666528732755
0.1343	0.09262198823520253
0.1344	0.09237759057606902
0.1345	0.09213345963867679
0.1346	0.09188959516444734
0.1347	0.09164599689327335
0.1348	0.09140266456366312
0.1349	0.09115959791269163
0.135	0.09091679667607983
0.1351	0.09067426058812852
0.1352	0.09043198938174452
0.1353	0.09018998278858048
0.1354	0.08994824053889375
0.1355	0.08970676236160294
0.1356	0.08946554798438919
0.1357	0.08922459713364946
0.1358	0.08898390953441723
0.1359	0.08874348491068822
0.136	0.08850332298491867
0.1361	0.0882634234785948
0.1362	0.08802378611191672
0.1363	0.0877844106038668
0.1364	0.08754529667231487
0.1365	0.08730644403398392
0.1366	0.08706785240435568
0.1367	0.08682952149784134
0.1368	0.08659145102776764
0.1369	0.08635364070632459
0.137	0.08611609024466416
0.1371	0.08587879935281978
0.1372	0.08564176773981565
0.1373	0.0854049951135668
0.1374	0.08516848118111502
0.1375	0.08493222564833079
0.1376	0.08469622822015144
0.1377	0.0844604886005372
0.1378	0.08422500649254726
0.1379	0.08398978159809914
0.138	0.08375481361839908
0.1381	0.0835201022535958
0.1382	0.08328564720295126
0.1383	0.08305144816479326
0.1384	0.08281750483661648
0.1385	0.08258381691513983
0.1386	0.08235038409598676
0.1387	0.082117206074099
0.1388	0.08188428254360273
0.1389	0.08165161319769369
0.139	0.08141919772887875
0.1391	0.08118703582879838
0.1392	0.080955127188327
0.1393	0.08072347149759584
0.1394	0.08049206844598215
0.1395	0.0802609177220892
0.1396	0.08003001901374523
0.1397	0.07979937200823728
0.1398	0.07956897639196325
0.1399	0.07933883185071522
0.14	0.0791089380695438
0.1401	0.0788792947329925
0.1402	0.07864990152469727
0.1403	0.07842075812785247
0.1404	0.07819186422489605
0.1405	0.07796321949774741
0.1406	0.07773482362763633
0.1407	0.07750667629519287
0.1408	0.07727877718054256
0.1409	0.07705112596316174
0.141	0.07682372232191959
0.1411	0.07659656593522418
0.1412	0.07636965648094335
0.1413	0.07614299363633086
0.1414	0.075916577078145
0.1415	0.0756904064826735
0.1416	0.0754644815256599
0.1417	0.0752388018823948
0.1418	0.07501336722766812
0.1419	0.07478817723577903
0.142	0.07456323158061122
0.1421	0.07433852993555555
0.1422	0.0741140719736315
0.1423	0.07388985736733836
0.1424	0.07366588578886055
0.1425	0.07344215690987302
0.1426	0.07321867040168768
0.1427	0.07299542593527412
0.1428	0.07277242318117963
0.1429	0.07254966180958672
0.143	0.07232714149033403
0.1431	0.07210486189279768
0.1432	0.07188282268624743
0.1433	0.07166102353940061
0.1434	0.07143946412081134
0.1435	0.0712181440984618
0.1436	0.07099706314038316
0.1437	0.07077622091409565
0.1438	0.07055561708681793
0.1439	0.07033525132559545
0.144	0.07011512329713648
0.1441	0.0698952326679412
0.1442	0.06967557910417017
0.1443	0.06945616227174671
0.1444	0.06923698183651206
0.1445	0.06901803746389946
0.1446	0.06879932881925895
0.1447	0.06858085556758872
0.1448	0.06836261737380428
0.1449	0.06814461390255025
0.145	0.06792684481836253
0.1451	0.06770930978550879
0.1452	0.06749200846816879
0.1453	0.06727494053030847
0.1454	0.06705810563575215
0.1455	0.06684150344817416
0.1456	0.06662513363107835
0.1457	0.06640899584792885
0.1458	0.06619308976192759
0.1459	0.06597741503633249
0.146	0.06576197133410804
0.1461	0.0655467583182211
0.1462	0.06533177565155406
0.1463	0.0651170229968416
0.1464	0.06490250001677114
0.1465	0.06468820637397948
0.1466	0.06447414173088409
0.1467	0.06426030575007771
0.1468	0.06404669809397603
0.1469	0.06383331842490661
0.147	0.06362016640521899
0.1471	0.06340724169719243
0.1472	0.06319454396312701
0.1473	0.06298207286526894
0.1474	0.06276982806582217
0.1475	0.06255780922703456
0.1476	0.06234601601113518
0.1477	0.06213444808030977
0.1478	0.061923105096838765
0.1479	0.06171198672293665
0.148	0.061501092620902816
0.1481	0.061290422453029514
0.1482	0.061079975881624435
0.1483	0.06086975256913785
0.1484	0.060659752177924214
0.1485	0.0604499743704576
0.1486	0.06024041880932251
0.1487	0.060031085157016544
0.1488	0.059821973076258195
0.1489	0.05961308222984128
0.149	0.05940441228045435
0.1491	0.05919596289108292
0.1492	0.058987733724682134
0.1493	0.05877972444431296
0.1494	0.058571934713184615
0.1495	0.058364364194614514
0.1496	0.05815701255195877
0.1497	0.05794987944872661
0.1498	0.05774296454866656
0.1499	0.05753626751529229
0.15	0.057329788012730254
0.1501	0.057123525704956185
0.1502	0.056917480256096005
0.1503	0.05671165133048841
0.1504	0.05650603859260897
0.1505	0.056300641707055385
0.1506	0.05609546033861526
0.1507	0.055890494152202375
0.1508	0.05568574281301641
0.1509	0.05548120598630194
0.151	0.05527688333745186
0.1511	0.05507277453216727
0.1512	0.05486887923632226
0.1513	0.05466519711584288
0.1514	0.05446172783704509
0.1515	0.054258471066211386
0.1516	0.054055426470324006
0.1517	0.053852593715464664
0.1518	0.05364997246932862
0.1519	0.053447562398985196
0.152	0.053245363171895196
0.1521	0.053043374455712944
0.1522	0.05284159591842656
0.1523	0.05264002722810221
0.1524	0.05243866805319028
0.1525	0.05223751806232377
0.1526	0.052036576924284414
0.1527	0.0518358443082587
0.1528	0.05163531988359316
0.1529	0.051435003319877465
0.153	0.05123489428701688
0.1531	0.05103499245512562
0.1532	0.05083529749458057
0.1533	0.05063580907607301
0.1534	0.050436526870523274
0.1535	0.050237450549085155
0.1536	0.05003857978331848
0.1537	0.04983991424495186
0.1538	0.04964145360604798
0.1539	0.04944319753886462
0.154	0.04924514571609323
0.1541	0.04904729781063562
0.1542	0.048849653495679615
0.1543	0.04865221244475072
0.1544	0.048454974331641885
0.1545	0.04825793883047939
0.1546	0.04806110561568981
0.1547	0.04786447436200028
0.1548	0.047668044744434084
0.1549	0.04747181643839314
0.155	0.04727578911951669
0.1551	0.04707996246383752
0.1552	0.04688433614762576
0.1553	0.046688909847644795
0.1554	0.046493683240771196
0.1555	0.04629865600437814
0.1556	0.04610382781613426
0.1557	0.04590919835393673
0.1558	0.04571476729617137
0.1559	0.04552053432151337
0.156	0.04532649910896158
0.1561	0.04513266133789062
0.1562	0.04493902068801149
0.1563	0.044745576839367154
0.1564	0.04455232947239245
0.1565	0.04435927826783195
0.1566	0.04416642290688283
0.1567	0.043973763070959335
0.1568	0.04378129844199634
0.1569	0.043589028702132875
0.157	0.04339695353401396
0.1571	0.043205072620566054
0.1572	0.043013385645139915
0.1573	0.04282189229145577
0.1574	0.04263059224353047
0.1575	0.042439485185851986
0.1576	0.042248570803298885
0.1577	0.04205784878101969
0.1578	0.041867318804708516
0.1579	0.041676980560155646
0.158	0.041486833733941214
0.1581	0.04129687801272535
0.1582	0.041107113083694725
0.1583	0.040917538634370976
0.1584	0.040728154353006696
0.1585	0.04053895992701514
0.1586	0.0403499550460186
0.1587	0.04016113939888795
0.1588	0.039972512675141014
0.1589	0.03978407456465244
0.159	0.03959582475778909
0.1591	0.039407762945351144
0.1592	0.03921988881841663
0.1593	0.039032202068565024
0.1594	0.03884470238777029
0.1595	0.038657389468399306
0.1596	0.03847026300319308
0.1597	0.038283322685466456
0.1598	0.03809656820873534
0.1599	0.03790999926711345
0.16	0.037723615554996814
0.1601	0.0375374167672811
0.1602	0.03735140259924829
0.1603	0.03716557274661482
0.1604	0.036979926905526
0.1605	0.03679446477258759
0.1606	0.03660918604471522
0.1607	0.03642409041938099
0.1608	0.036239177594383276
0.1609	0.03605444726802882
0.161	0.03586989913899201
0.1611	0.03568553290642886
0.1612	0.03550134826989783
0.1613	0.03531734492941625
0.1614	0.03513352258541228
0.1615	0.034949880938745646
0.1616	0.034766419690672165
0.1617	0.034583138543025124
0.1618	0.03440003719794772
0.1619	0.03421711535804541
0.162	0.03403437272646029
0.1621	0.03385180900656158
0.1622	0.033669423902355985
0.1623	0.03348721711822696
0.1624	0.03330518835905969
0.1625	0.033123337330032816
0.1626	0.03294166373696357
0.1627	0.03276016728593903
0.1628	0.032578847683612265
0.1629	0.03239770463703023
0.163	0.0322167378536701
0.1631	0.03203594704155896
0.1632	0.03185533190906553
0.1633	0.031674892165025934
0.1634	0.03149462751879779
0.1635	0.031314537680086005
0.1636	0.03113462235912822
0.1637	0.03095488126659071
0.1638	0.03077531411359217
0.1639	0.0305959206116828
0.164	0.030416700472931588
0.1641	0.030237653409783724
0.1642	0.03005877913519154
0.1643	0.02988007736255123
0.1644	0.029701547805728257
0.1645	0.02952319017894838
0.1646	0.0293450041970697
0.1647	0.029166989575266658
0.1648	0.028989146029205996
0.1649	0.028811473275100412
0.165	0.02863397102950124
0.1651	0.02845663900943607
0.1652	0.02827947693247568
0.1653	0.02810248451659624
0.1654	0.02792566148017879
0.1655	0.027749007542221715
0.1656	0.027572522421974565
0.1657	0.02739620583933847
0.1658	0.02722005751460617
0.1659	0.027044077168503024
0.166	0.026868264522208085
0.1661	0.026692619297424294
0.1662	0.026517141216292672
0.1663	0.02634183000145046
0.1664	0.026166685375908875
0.1665	0.025991707063189522
0.1666	0.025816894787336064
0.1667	0.025642248272777
0.1668	0.0254677672444531
0.1669	0.025293451427667854
0.167	0.025119300548386174
0.1671	0.024945314332869183
0.1672	0.024771492507882784
0.1673	0.02459783480069272
0.1674	0.024424340939020177
0.1675	0.02425101065102822
0.1676	0.024077843665354613
0.1677	0.023904839711107306
0.1678	0.023731998517852758
0.1679	0.023559319815654626
0.168	0.023386803334998173
0.1681	0.023214448806844035
0.1682	0.0230422559626614
0.1683	0.022870224534316835
0.1684	0.02269835425413809
0.1685	0.022526644855081265
0.1686	0.022355096070344815
0.1687	0.022183707633664562
0.1688	0.022012479279386335
0.1689	0.021841410742129357
0.169	0.021670501757044377
0.1691	0.0214997520597824
0.1692	0.021329161386435796
0.1693	0.021158729473559727
0.1694	0.02098845605816084
0.1695	0.02081834087773647
0.1696	0.02064838367024493
0.1697	0.020478584174061593
0.1698	0.02030894212815823
0.1699	0.020139457271777475
0.17	0.019970129344817573
0.1701	0.019800958087466836
0.1702	0.019631943240444594
0.1703	0.019463084545205015
0.1704	0.019294381743094533
0.1705	0.01912583457641542
0.1706	0.018957442787705083
0.1707	0.018789206120012426
0.1708	0.01862112431692466
0.1709	0.01845319712236749
0.171	0.018285424280832907
0.1711	0.018117805537138494
0.1712	0.01795034063675338
0.1713	0.017783029325437388
0.1714	0.01761587134953861
0.1715	0.01744886645576974
0.1716	0.017282014391370892
0.1717	0.017115314904027915
0.1718	0.016948767741806727
0.1719	0.016782372653390984
0.172	0.016616129387820793
0.1721	0.016450037694575363
0.1722	0.01628409732367153
0.1723	0.016118308025540116
0.1724	0.015952669550995387
0.1725	0.015787181651521445
0.1726	0.015621844078855678
0.1727	0.01545665658524587
0.1728	0.015291618923478325
0.1729	0.015126730846697679
0.173	0.014961992108509202
0.1731	0.014797402463102623
0.1732	0.014632961664949316
0.1733	0.014468669469111881
0.1734	0.014304525630973612
0.1735	0.01414052990654494
0.1736	0.013976682052119972
0.1737	0.01381298182459515
0.1738	0.013649428981181742
0.1739	0.013486023279672757
0.174	0.013322764478198825
0.1741	0.01315965233543481
0.1742	0.012996686610415923
0.1743	0.012833867062797755
0.1744	0.012671193452483822
0.1745	0.012508665539927697
0.1746	0.012346283086049617
0.1747	0.012184045852146181
0.1748	0.012021953600068894
0.1749	0.01186000609200872
0.175	0.011698203090672599
0.1751	0.011536544359207476
0.1752	0.011375029661222221
0.1753	0.011213658760704983
0.1754	0.011052431422144158
0.1755	0.01089134741050873
0.1756	0.010730406491049605
0.1757	0.010569608429686244
0.1758	0.010408952992678775
0.1759	0.010248439946741423
0.176	0.010088069058968002
0.1761	0.009927840096975152
0.1762	0.009767752828807985
0.1763	0.009607807022938493
0.1764	0.009448002448258792
0.1765	0.009288338874159119
0.1766	0.009128816070449294
0.1767	0.008969433807324288
0.1768	0.00881019185539489
0.1769	0.008651089986002081
0.177	0.00849212797061144
0.1771	0.008333305581083061
0.1772	0.008174622589977719
0.1773	0.008016078770112947
0.1774	0.007857673894814126
0.1775	0.007699407737849591
0.1776	0.007541280073315935
0.1777	0.007383290675881607
0.1778	0.007225439320592494
0.1779	0.007067725782916152
0.178	0.006910149838796292
0.1781	0.006752711264492457
0.1782	0.006595409836838904
0.1783	0.006438245333064049
0.1784	0.006281217530702824
0.1785	0.006124326207934306
0.1786	0.005967571143247984
0.1787	0.005810952115462312
0.1788	0.0056544689040566014
0.1789	0.005498121288707481
0.179	0.005341909049709445
0.1791	0.0051858319676713355
0.1792	0.005029889823580609
0.1793	0.004874082399003121
0.1794	0.004718409475843165
0.1795	0.004562870836417509
0.1796	0.004407466263455504
0.1797	0.0042521955402267135
0.1798	0.004097058450216247
0.1799	0.003942054777537953
0.18	0.0037871843066061327
0.1801	0.0036324468222924235
0.1802	0.003477842109850574
0.1803	0.0033233699550490646
0.1804	0.0031690301439756203
0.1805	0.003014822463090303
0.1806	0.0028607466994832824
0.1807	0.0027068026405002677
0.1808	0.0025529900738434615
0.1809	0.002399308787785197
0.181	0.0022457585709776883
0.1811	0.002092339212412315
0.1812	0.0019390505015561127
0.1813	0.0017858922282833667
0.1814	0.0016328641827510746
0.1815	0.0014799661557728537
0.1816	0.0013271979384189942
0.1817	0.0011745593222025111
0.1818	0.0010220500990185861
0.1819	0.0008696700611580345
0.182	0.000717419001417365
0.1821	0.0005652967128963354
0.1822	0.00041330298913364765
0.1823	0.00026143762411978634
0.1824	0.00010970041219146297
0.1825	-4.190885186890572e-5
0.1826	-0.00019339037291846698
0.1827	-0.0003447443553747983
0.1828	-0.0004959710032976108
0.1829	-0.0006470705202393637
0.183	-0.000798043109465032
0.1831	-0.0009488889737953633
0.1832	-0.0010996083156346544
0.1833	-0.0012502013369678072
0.1834	-0.0014006682395448587
0.1835	-0.001551009224466793
0.1836	-0.0017012244926051226
0.1837	-0.0018513142443824652
0.1838	-0.0020012786797968195
0.1839	-0.0021511179985568983
0.184	-0.002300832399820761
0.1841	-0.002450422082487268
0.1842	-0.002599887244988151
0.1843	-0.002749228085425888
0.1844	-0.002898444801408033
0.1845	-0.003047537590265057
0.1846	-0.003196506648841391
0.1847	-0.003345352173632669
0.1848	-0.0034940743608175852
0.1849	-0.0036426734060196198
0.185	-0.003791149504610631
0.1851	-0.003939502851544045
0.1852	-0.004087733641328811
0.1853	-0.004235842068201554
0.1854	-0.00438382832587152
0.1855	-0.004531692607777466
0.1856	-0.004679435106940511
0.1857	-0.004827056015956603
0.1858	-0.004974555526690669
0.1859	-0.005121933832374835
0.186	-0.005269191122856461
0.1861	-0.0054163275900456125
0.1862	-0.005563343424541635
0.1863	-0.005710238816638252
0.1864	-0.0058570139564129275
0.1865	-0.006003669033358914
0.1866	-0.0061502042367384095
0.1867	-0.006296619755321335
0.1868	-0.00644291577763025
0.1869	-0.006589092491718474
0.187	-0.006735150085291045
0.1871	-0.006881088745728507
0.1872	-0.007026908659960939
0.1873	-0.007172610014552517
0.1874	-0.007318192995777705
0.1875	-0.0074636577893885106
0.1876	-0.007609004581199846
0.1877	-0.0077542335555888875
0.1878	-0.007899344897903764
0.1879	-0.008044338792443156
0.188	-0.00818921542311476
0.1881	-0.008333974973534683
0.1882	-0.008478617626990146
0.1883	-0.008623143566413945
0.1884	-0.008767552974307572
0.1885	-0.008911846032886774
0.1886	-0.009056022923938326
0.1887	-0.009200083828893488
0.1888	-0.009344028928879271
0.1889	-0.00948785840456955
0.189	-0.009631572436380069
0.1891	-0.009775171204260486
0.1892	-0.009918654887913424
0.1893	-0.010062023666576726
0.1894	-0.01020527771922383
0.1895	-0.010348417224373657
0.1896	-0.01049144236028459
0.1897	-0.010634353304809151
0.1898	-0.010777150235437344
0.1899	-0.010919833329310964
0.19	-0.01106240276327564
0.1901	-0.0112048587136789
0.1902	-0.011347201356718873
0.1903	-0.011489430868021006
0.1904	-0.011631547423065266
0.1905	-0.011773551196823762
0.1906	-0.011915442364070944
0.1907	-0.012057221099034251
0.1908	-0.0121988875757959
0.1909	-0.012340441967946862
0.191	-0.012481884448765133
0.1911	-0.012623215191238435
0.1912	-0.012764434367983971
0.1913	-0.012905542151225944
0.1914	-0.013046538712856083
0.1915	-0.013187424224515326
0.1916	-0.0133281988573749
0.1917	-0.013468862782325711
0.1918	-0.013609416169937629
0.1919	-0.01374985919038534
0.192	-0.01389019201356105
0.1921	-0.01403041480897134
0.1922	-0.014170527745799136
0.1923	-0.014310530992898387
0.1924	-0.014450424718737039
0.1925	-0.014590209091561987
0.1926	-0.01472988427916323
0.1927	-0.014869450449030892
0.1928	-0.015008907768359937
0.1929	-0.015148256403980383
0.193	-0.015287496522368544
0.1931	-0.015426628289717918
0.1932	-0.015565651871829777
0.1933	-0.01570456743425048
0.1934	-0.015843375142125513
0.1935	-0.01598207516028346
0.1936	-0.01612066765327806
0.1937	-0.016259152785239334
0.1938	-0.016397530720070528
0.1939	-0.016535801621265545
0.194	-0.01667396565202659
0.1941	-0.016812022975258484
0.1942	-0.0169499737535051
0.1943	-0.017087818149026476
0.1944	-0.017225556323581713
0.1945	-0.017363188438949632
0.1946	-0.0175007146562456
0.1947	-0.017638135136461727
0.1948	-0.017775450040178265
0.1949	-0.017912659527687985
0.195	-0.018049763759011937
0.1951	-0.018186762893770827
0.1952	-0.018323657091281424
0.1953	-0.018460446510567035
0.1954	-0.018597131310337637
0.1955	-0.018733711648992443
0.1956	-0.01887018768455056
0.1957	-0.019006559574809536
0.1958	-0.01914282747714991
0.1959	-0.019278991548759
0.196	-0.019415051946388533
0.1961	-0.019551008826527265
0.1962	-0.019686862345450924
0.1963	-0.019822612658955338
0.1964	-0.019958259922569034
0.1965	-0.02009380429162331
0.1966	-0.020229245920990707
0.1967	-0.02036458496532346
0.1968	-0.020499821578994423
0.1969	-0.020634955915967403
0.197	-0.02076998812996283
0.1971	-0.020904918374387366
0.1972	-0.021039746802312645
0.1973	-0.021174473566473347
0.1974	-0.021309098819604924
0.1975	-0.021443622713644188
0.1976	-0.02157804540055498
0.1977	-0.02171236703189991
0.1978	-0.02184658775896606
0.1979	-0.021980707732716716
0.198	-0.022114727103867377
0.1981	-0.0222486460227466
0.1982	-0.022382464639422908
0.1983	-0.022516183103729676
0.1984	-0.02264980156507422
0.1985	-0.022783320172673847
0.1986	-0.022916739075468193
0.1987	-0.02305005842194204
0.1988	-0.02318327836045167
0.1989	-0.02331639903896717
0.199	-0.023449420605469885
0.1991	-0.023582343206587524
0.1992	-0.023715166990186772
0.1993	-0.023847892102930132
0.1994	-0.023980518691192262
0.1995	-0.024113046901360173
0.1996	-0.02424547687928251
0.1997	-0.02437780877067378
0.1998	-0.02451004272089155
0.1999	-0.024642178875060455
0.2	-0.024774217377822212
