0.05	-0.04203100366259219
0.0502	-0.041938579319819286
0.0504	-0.04184159168227956
0.0506	-0.041740032572786905
0.0508	-0.04163389638345148
0.051	-0.041523180038177544
0.0512	-0.04140788295998682
0.0514	-0.04128800703451822
0.0516	-0.04116355655271988
0.0518	-0.04103453815991569
0.052	-0.04090096078985027
0.0522	-0.040762835605258264
0.0524	-0.040620175904573376
0.0526	-0.040472997075480806
0.0528	-0.04032131648183086
0.053	-0.04016515339637095
0.0532	-0.0400045289111544
0.0534	-0.03983946583673673
0.0536	-0.039669988622448825
0.0538	-0.03949612324814017
0.054	-0.03931789713852912
0.0542	-0.03913533906175057
0.0544	-0.038948479035593134
0.0546	-0.038757348226171134
0.0548	-0.03856197885501387
0.055	-0.03836240411397584
0.0552	-0.03815865804741416
0.0554	-0.037950775497793736
0.0556	-0.03773879197731181
0.0558	-0.037522743608807925
0.056	-0.03730266702800907
0.0562	-0.03707859930702713
0.0564	-0.03685057787016518
0.0566	-0.03661864042454256
0.0568	-0.03638282488496823
0.057	-0.03614316930073101
0.0572	-0.03589971179211965
0.0574	-0.03565249048809626
0.0576	-0.0354015434639185
0.0578	-0.03514690869283728
0.058	-0.034888623978505874
0.0582	-0.034626726917911285
0.0584	-0.03436125485181797
0.0586	-0.03409224481536229
0.0588	-0.03381973350502104
0.059	-0.033543757238371524
0.0592	-0.033264351917674205
0.0594	-0.03298155300447697
0.0596	-0.03269539548261362
0.0598	-0.032405913837492674
0.06	-0.0321131420363486
0.0602	-0.031817113489156015
0.0604	-0.03151786105498666
0.0606	-0.03121541700464655
0.0608	-0.03090981301755881
0.061	-0.030601080161361476
0.0612	-0.030289248883104348
0.0614	-0.029974349011160098
0.0616	-0.029656409721834573
0.0618	-0.029335459564793144
0.062	-0.029011526430623543
0.0622	-0.028684637566149203
0.0624	-0.028354819561803565
0.0626	-0.028022098357621605
0.0628	-0.027686499235286193
0.063	-0.027348046829903355
0.0632	-0.02700676511899112
0.0634	-0.026662677440154138
0.0636	-0.026315806477100117
0.0638	-0.025966174280177938
0.064	-0.025613802258757364
0.0642	-0.02525871119707011
0.0644	-0.024900921250027817
0.0646	-0.0245404519550262
0.0648	-0.024177322240532713
0.065	-0.023811550425939527
0.0652	-0.023443154238781645
0.0654	-0.02307215080701118
0.0656	-0.022698556685064125
0.0658	-0.022322387852024388
0.066	-0.021943659714673068
0.0662	-0.021562387127442753
0.0664	-0.021178584396459168
0.0666	-0.020792265279765753
0.0668	-0.020403443005143983
0.067	-0.02001213028154147
0.0672	-0.019618339293765254
0.0674	-0.019222081724669916
0.0676	-0.018823368757856493
0.0678	-0.018422211081240154
0.068	-0.018018618910343155
0.0682	-0.017612601973823288
0.0684	-0.017204169545115035
0.0686	-0.016793330439306586
0.0688	-0.016380093011739413
0.069	-0.01596446518451316
0.0692	-0.015546454451211732
0.0694	-0.01512606786622461
0.0696	-0.01470331207389313
0.0698	-0.014278193303482142
0.07	-0.013850717381557588
0.0702	-0.013420889742865132
0.0704	-0.012988715422227761
0.0706	-0.012554199075139383
0.0708	-0.01211734499039726
0.071	-0.011678157077782095
0.0712	-0.011236638881907474
0.0714	-0.010792793600366835
0.0716	-0.010346624073394484
0.0718	-0.009898132799760425
0.072	-0.009447321938954293
0.0722	-0.008994193319900434
0.0724	-0.008538748441380997
0.0726	-0.008080988485441502
0.0728	-0.007620914316326543
0.073	-0.007158526483491008
0.0732	-0.006693825241507095
0.0734	-0.0062268105355086124
0.0736	-0.005757482020876982
0.0738	-0.005285839060038792
0.074	-0.004811880731201791
0.0742	-0.004335605836348898
0.0744	-0.0038570128865517274
0.0746	-0.003376100141452178
0.0748	-0.0028928655802151074
0.075	-0.002407306924763809
0.0752	-0.0019194216303363358
0.0754	-0.001429206912408955
0.0756	-0.0009366597226533812
0.0758	-0.00044177676807963056
0.076	5.544547769786988e-5
0.0762	0.0005550107888522132
0.0764	0.0010569231710940955
0.0766	0.0015611868614756426
0.0768	0.002067806320997588
0.077	0.0025767862362702583
0.0772	0.0030881315161927093
0.0774	0.00360184727706791
0.0776	0.004117938858355683
0.0778	0.004636411798502988
0.078	0.005157271846527802
0.0782	0.005680524948960031
0.0784	0.006206177251189587
0.0786	0.0067342350928931705
0.0788	0.007264705000700299
0.079	0.007797593690489729
0.0792	0.008332908057200971
0.0794	0.008870655175765161
0.0796	0.009410842293818023
0.0798	0.009953476831001144
0.08	0.010498566372255718
0.0802	0.011046118659218427
0.0804	0.011596141601566499
0.0806	0.012148643249504508
0.0808	0.012703631811447832
0.081	0.013261115631002938
0.0812	0.013821103196889792
0.0814	0.01438360312594178
0.0816	0.01494862416409841
0.0818	0.015516175186811249
0.082	0.016086265172071346
0.0822	0.016658903223928254
0.0824	0.01723409853924695
0.0826	0.017811860420109734
0.0828	0.01839219825778663
0.083	0.018975121525837167
0.0832	0.019560639776038752
0.0834	0.020148762629345653
0.0836	0.02073949977166062
0.0838	0.02133286093457802
0.084	0.02192885588911584
0.0842	0.022527494451827102
0.0844	0.023128786455667752
0.0846	0.02373274174719499
0.0848	0.024339370177202647
0.085	0.024948681584029485
0.0852	0.025560685782133122
0.0854	0.02617539255755334
0.0856	0.02679281163971354
0.0858	0.027412952699523672
0.086	0.028035825330068882
0.0862	0.028661439023727156
0.0864	0.029289803165494954
0.0866	0.02992092700840611
0.0868	0.030554819657929416
0.087	0.031191490046876248
0.0872	0.03183094692085558
0.0874	0.03247319880435709
0.0876	0.033118253992805685
0.0878	0.033766120514853525
0.088	0.034416806107247885
0.0882	0.03507031819188952
0.0884	0.03572666384439024
0.0886	0.036385849753006336
0.0888	0.03704788219364151
0.089	0.03771276699807179
0.0892	0.03838050950431914
0.0894	0.03905111453026278
0.0896	0.03972458631407453
0.0898	0.04040092848672526
0.09	0.04108014401485688
0.0902	0.04176223514971475
0.0904	0.04244720338340307
0.0906	0.04313504937500157
0.0908	0.04382577291350115
0.091	0.04451937282930866
0.0912	0.04521584695332933
0.0914	0.04591519202387119
0.0916	0.046617403623631475
0.0918	0.047322476094073175
0.092	0.04803040245593142
0.0922	0.048741174319539615
0.0924	0.049454781784802934
0.0926	0.0501712133476007
0.0928	0.05089045578687129
0.093	0.051612494060444956
0.0932	0.052337311193595894
0.0934	0.053064888121672316
0.0936	0.05379520359314756
0.0938	0.05452823401335069
0.094	0.0552639533006585
0.0942	0.056002332724723755
0.0944	0.05674334074714151
0.0946	0.05748694284413429
0.0948	0.05823310132129622
0.095	0.0589817751269808
0.0952	0.05973291963520999
0.0954	0.06048648644555162
0.0956	0.061242423137889516
0.0958	0.06200067305015526
0.096	0.06276117502164007
0.0962	0.0635238631216816
0.0964	0.06428866638491129
0.0966	0.06505550851461259
0.0968	0.06582430757675876
0.097	0.06659497568725124
0.0972	0.06736741867242795
0.0974	0.06814153573200232
0.0976	0.06891721907510859
0.0978	0.0696943535271302
0.098	0.07047281617765505
0.0982	0.07125247593285153
0.0984	0.07203319314429116
0.0986	0.07281481913504502
0.0988	0.07359719579086882
0.099	0.07438015510637819
0.0992	0.07516351869497796
0.0994	0.07594709736912703
0.0996	0.07673069062857296
0.0998	0.07751408620560644
0.1	0.0782970595870496
0.1002	0.07907937354801917
0.1004	0.07986077768515606
0.1006	0.08064100797208829
0.1008	0.08141978633683074
0.101	0.08219682024718013
0.1012	0.08297180234196008
0.1014	0.08374441009170988
0.1016	0.08451430551594402
0.1018	0.08528113493761774
0.102	0.08604452881636812
0.1022	0.08680410166127203
0.1024	0.08755945200269044
0.1026	0.08831016248623792
0.1028	0.08905580005038682
0.103	0.08979591625622788
0.1032	0.0905300477076521
0.1034	0.09125771662974691
0.1036	0.09197843160968153
0.1038	0.09269168848672703
0.104	0.0933969714086847
0.1042	0.09409375407702456
0.1044	0.0947815011647525
0.1046	0.09545966992419531
0.1048	0.09612771198003242
0.105	0.09678507529577796
0.1052	0.09743120632205857
0.1054	0.09806555231628696
0.1056	0.09868756379504046
0.1058	0.09929669711525113
0.106	0.09989241718678059
0.1062	0.10047420024539017
0.1064	0.10104153666838116
0.1066	0.10159393384459108
0.1068	0.10213091896229484
0.107	0.10265204180894949
0.1072	0.10315687739964745
0.1074	0.103645028544659
0.1076	0.10411612817338645
0.1078	0.1045698414848026
0.108	0.10500586784627775
0.1082	0.10542394241253672
0.1084	0.10582383743712663
0.1086	0.10620536330504331
0.1088	0.10656836918405181
0.109	0.1069127433766545
0.1092	0.1072384133392971
0.1094	0.10754534534425944
0.1096	0.10783354385186955
0.1098	0.10810305057626998
0.11	0.10835394328877729
0.1102	0.10858633436135885
0.1104	0.1088003690821185
0.1106	0.10899622383344292
0.1108	0.10917410406435957
0.111	0.10933424217155827
0.1112	0.10947689531113934
0.1114	0.10960234311219882
0.1116	0.10971088542154935
0.1118	0.10980284000021431
0.112	0.10987854030829133
0.1122	0.10993833328865416
0.1124	0.10998257724320469
0.1126	0.11001163981561995
0.1128	0.11002589603810363
0.113	0.1100257265081391
0.1132	0.11001151568254122
0.1134	0.10998365029596568
0.1136	0.1099425178857761
0.1138	0.10988850545603693
0.114	0.10982199826861466
0.1142	0.10974337875585102
0.1144	0.10965302550079584
0.1146	0.10955131246566135
0.1148	0.10943860810133488
0.115	0.10931527481329333
0.1152	0.10918166832618795
0.1154	0.10903813723250175
0.1156	0.10888502258669472
0.1158	0.10872265761311617
0.116	0.10855136740302791
0.1162	0.10837146877484426
0.1164	0.10818327010951187
0.1166	0.10798707127129333
0.1168	0.10778316357366224
0.117	0.107571829771723
0.1172	0.10735334408660774
0.1174	0.10712797229263346
0.1176	0.10689597178249427
0.1178	0.10665759169623878
0.118	0.10641307304455414
0.1182	0.10616264884918285
0.1184	0.10590654433575944
0.1186	0.10564497706507246
0.1188	0.10537815713080004
0.119	0.10510628736373083
0.1192	0.10482956350170097
0.1194	0.10454817439076297
0.1196	0.10426230220064774
0.1198	0.10397212259472649
0.12	0.10367780495580287
0.1202	0.10337951257373106
0.1204	0.10307740284011374
0.1206	0.1027716274458381
0.1208	0.10246233257836211
0.121	0.10214965908837999
0.1212	0.10183374271132141
0.1214	0.10151471420702328
0.1216	0.10119269956787091
0.1218	0.10086782016273366
0.122	0.10054019293683511
0.1222	0.10020993053477287
0.1224	0.09987714149713363
0.1226	0.09954193038004398
0.1228	0.09920439791711444
0.123	0.0988646411736953
0.1232	0.09852275365885849
0.1234	0.09817882548022046
0.1236	0.0978329434626899
0.1238	0.09748519127484517
0.124	0.09713564954817101
0.1242	0.09678439599449656
0.1244	0.09643150551774983
0.1246	0.09607705030716791
0.1248	0.09572109996334636
0.125	0.09536372157841735
0.1252	0.09500497984235488
0.1254	0.09464493712526686
0.1256	0.09428365357320029
0.1258	0.09392118718662425
0.126	0.09355759391238697
0.1262	0.09319292770472859
0.1264	0.09282724060850851
0.1266	0.09246058284504458
0.1268	0.09209300285470962
0.127	0.09172454738722313
0.1272	0.09135526154298707
0.1274	0.0909851888588209
0.1276	0.09061437135150492
0.1278	0.09024284957371025
0.128	0.08987066267839006
0.1282	0.08949784845765552
0.1284	0.08912444340373393
0.1286	0.08875048274972012
0.1288	0.08837600052025968
0.129	0.08800102958314586
0.1292	0.08762560166839752
0.1294	0.08724974743038087
0.1296	0.08687349648417134
0.1298	0.08649687743668276
0.13	0.08611991792170273
0.1302	0.08574264465164436
0.1304	0.0853650834201837
0.1306	0.08498725916868233
0.1308	0.08460919599389788
0.131	0.08423091718144314
0.1312	0.08385244524732771
0.1314	0.08347380194379735
0.1316	0.08309500830873659
0.1318	0.08271608466933929
0.132	0.08233705068829522
0.1322	0.08195792536660973
0.1324	0.08157872707892105
0.1326	0.08119947359393975
0.1328	0.08082018208877771
0.133	0.0804408691753622
0.1332	0.08006155092110032
0.1334	0.07968224285962697
0.1336	0.07930296001634873
0.1338	0.07892371692067618
0.134	0.07854452762618204
0.1342	0.07816540572457961
0.1344	0.07778636436157951
0.1346	0.07740741625366776
0.1348	0.07702857369489238
0.135	0.07664984858533122
0.1352	0.07627125242481154
0.1354	0.07589279634563882
0.1356	0.07551449110965443
0.1358	0.07513634712667294
0.136	0.07475837446976166
0.1362	0.07438058287675389
0.1364	0.07400298176510633
0.1366	0.07362558024735695
0.1368	0.07324838713547072
0.137	0.07287141095101815
0.1372	0.07249465993128744
0.1374	0.07211814205119907
0.1376	0.07174186501290081
0.1378	0.07136583626747245
0.138	0.07099006301977562
0.1382	0.0706145522347042
0.1384	0.0702393106500017
0.1386	0.0698643447733319
0.1388	0.0694896608951854
0.139	0.06911526509887182
0.1392	0.06874116326074077
0.1394	0.06836736106385807
0.1396	0.06799386399196702
0.1398	0.06762067734920539
0.14	0.06724780625695237
0.1402	0.06687525566521102
0.1404	0.06650303034802116
0.1406	0.06613113491740062
0.1408	0.06575957383301441
0.141	0.06538835138990301
0.1412	0.06501747173814372
0.1414	0.06464693888404059
0.1416	0.06427675668903782
0.1418	0.06390692888164912
0.142	0.06353745905206817
0.1422	0.06316835066769323
0.1424	0.06279960706763883
0.1426	0.06243123146869218
0.1428	0.06206322697090533
0.143	0.06169559656570056
0.1432	0.06132834312275141
0.1434	0.060961469412636415
0.1436	0.06059497809552236
0.1438	0.06022887173589188
0.144	0.05986315279489112
0.1442	0.05949782364180162
0.1444	0.05913288654788475
0.1446	0.05876834369850131
0.1448	0.058404197189873545
0.145	0.0580404490335849
0.1452	0.0576771011586162
0.1454	0.05731415541344416
0.1456	0.0569516135648277
0.1458	0.056589477313156035
0.146	0.05622774827381921
0.1462	0.05586642800030374
0.1464	0.055505517967595994
0.1466	0.0551450195922951
0.1468	0.05478493421986161
0.147	0.05442526313151828
0.1472	0.05406600755258378
0.1474	0.053707168638711875
0.1476	0.0533487474988352
0.1478	0.05299074517239876
0.148	0.052633162653755304
0.1482	0.05227600087633151
0.1484	0.05191926072838241
0.1486	0.05156294304052108
0.1488	0.051207048600494035
0.149	0.05085157814060184
0.1492	0.0504965323541707
0.1494	0.05014191188642777
0.1496	0.04978771733660313
0.1498	0.04943394926505556
0.15	0.049080608186926306
0.1502	0.0487276945784782
0.1504	0.04837520887586094
0.1506	0.0480231514814283
0.1508	0.04767152275359836
0.151	0.04732032301762951
0.1512	0.0469695525664172
0.1514	0.046619211653645035
0.1516	0.046269300508346906
0.1518	0.045919819315291675
0.152	0.0455707682389153
0.1522	0.045222147406155384
0.1524	0.04487395691774178
0.1526	0.04452619684447226
0.1528	0.04417886723136395
0.153	0.04383196809124867
0.1532	0.043485499417251224
0.1534	0.04313946117242096
0.1536	0.04279385329372162
0.1538	0.042448675696684285
0.154	0.04210392827814938
0.1542	0.04175961089962515
0.1544	0.04141572340866399
0.1546	0.04107226563194366
0.1548	0.04072923737057696
0.155	0.04038663841209168
0.1552	0.04004446851515632
0.1554	0.03970272742670095
0.1556	0.03936141486908468
0.1558	0.03902053055204506
0.156	0.038680074165873136
0.1562	0.03834004538011457
0.1564	0.03800044385360879
0.1566	0.0376612692227959
0.1568	0.03732252111148363
0.157	0.03698419913247569
0.1572	0.03664630287396503
0.1574	0.03630883191827698
0.1576	0.035971785830825824
0.1578	0.035635164164142294
0.158	0.035298966453891904
0.1582	0.0349631922304492
0.1584	0.03462784100190608
0.1586	0.03429291227331056
0.1588	0.033958405532490125
0.159	0.0336243202610103
0.1592	0.03329065592343069
0.1594	0.03295741197810048
0.1596	0.03262458787025674
0.1598	0.03229218303854736
0.16	0.03196019690819444
0.1602	0.0316286288967895
0.1604	0.03129747841242419
0.1606	0.030966744856217938
0.1608	0.030636427617502567
0.161	0.030306526080751926
0.1612	0.029977039617648672
0.1614	0.02964796759830448
0.1616	0.029319309380343144
0.1618	0.02899106431695766
0.162	0.028663231750729386
0.1622	0.02833581102458138
0.1624	0.028008801467757992
0.1626	0.027682202404859774
0.1628	0.027356013155386903
0.163	0.027030233035599125
0.1632	0.026704861348516573
0.1634	0.026379897399465446
0.1636	0.02605534048571017
0.1638	0.025731189896337044
0.164	0.0254074449198108
0.1642	0.02508410483543264
0.1644	0.02476116892674568
0.1646	0.024438636459793224
0.1648	0.024116506708791396
0.165	0.023794778931938643
0.1652	0.023473452393690374
0.1654	0.02315252635285455
0.1656	0.022832000058345906
0.1658	0.02251187276034251
0.166	0.0221921437092193
0.1662	0.02187281214274658
0.1664	0.021553877305004153
0.1666	0.02123533843050335
0.1668	0.020917194753499083
0.167	0.020599445506528327
0.1672	0.020282089919434573
0.1674	0.01996512721556304
0.1676	0.01964855662151271
0.1678	0.01933237735877482
0.168	0.019016588648669428
0.1682	0.018701189704836935
0.1684	0.018386179746463883
0.1686	0.01807155798740178
0.1688	0.017757323639586806
0.169	0.01744347591447356
0.1692	0.017130014019785703
0.1694	0.016816937164929505
0.1696	0.01650424455690555
0.1698	0.016191935398196626
0.17	0.015880008895013724
0.1702	0.015568464253339253
0.1704	0.015257300672773297
0.1706	0.014946517354136636
0.1708	0.014636113497045806
0.171	0.014326088302640424
0.1712	0.01401644097110908
0.1714	0.01370717069743404
0.1716	0.013398276682835511
0.1718	0.013089758124915245
0.172	0.012781614218098298
0.1722	0.012473844160863272
0.1724	0.01216644714923472
0.1726	0.011859422380601703
0.1728	0.011552769049783652
0.173	0.01124648635248085
0.1732	0.010940573486877561
0.1734	0.01063502964783114
0.1736	0.010329854031000018
0.1738	0.010025045833760121
0.174	0.009720604250164197
0.1742	0.009416528479693202
0.1744	0.009112817717209351
0.1746	0.008809471161446567
0.1748	0.008506488010525727
0.175	0.008203867462092744
0.1752	0.007901608712605198
0.1754	0.007599710964076948
0.1756	0.007298173415279741
0.1758	0.006996995265428327
0.176	0.0066961757166860494
0.1762	0.00639571396928597
0.1764	0.006095609227747507
0.1766	0.0057958606929532745
0.1768	0.005496467569365839
0.177	0.005197429061213282
0.1772	0.004898744374790161
0.1774	0.004600412716026935
0.1776	0.004302433292235054
0.1778	0.004004805311357579
0.178	0.003707527982310244
0.1782	0.003410600516073983
0.1784	0.003114022122737539
0.1786	0.0028177920150749473
0.1788	0.0025219094081232497
0.179	0.002226373512725684
0.1792	0.001931183546725842
0.1794	0.001636338727641789
0.1796	0.0013418382717766202
0.1798	0.0010476813996921357
0.18	0.000753867329296191
0.1802	0.0004603952849776187
0.1804	0.00016726448784765317
0.1806	-0.00012552583627254977
0.1808	-0.0004179764639774913
0.181	-0.0007100881663361957
0.1812	-0.001001861716190605
0.1814	-0.0012932978865261206
0.1816	-0.0015843974400792486
0.1818	-0.0018751611502841811
0.182	-0.0021655897797668304
0.1822	-0.002455684096429886
0.1824	-0.002745444861379791
0.1826	-0.0030348728364138
0.1828	-0.0033239687840950507
0.183	-0.003612733460305802
0.1832	-0.00390116762392339
0.1834	-0.004189272030852988
0.1836	-0.004477047435805859
0.1838	-0.00476449459146003
0.184	-0.005051614246632352
0.1842	-0.005338407154445224
0.1844	-0.005624874060238756
0.1846	-0.005911015711456401
0.1848	-0.006196832853171149
0.185	-0.006482326228901202
0.1852	-0.006767496578570326
0.1854	-0.007052344644964827
0.1856	-0.007336871163618966
0.1858	-0.007621076872621704
0.186	-0.00790496250565472
0.1862	-0.008188528797247878
0.1864	-0.008471776478480235
0.1866	-0.008754706280593333
0.1868	-0.009037318930439419
0.187	-0.009319615154055085
0.1872	-0.009601595677924197
0.1874	-0.00988326122368981
0.1876	-0.010164612515437946
0.1878	-0.010445650269998025
0.188	-0.010726375205054973
0.1882	-0.011006788039877723
0.1884	-0.011286889486667695
0.1886	-0.011566680258391061
0.1888	-0.011846161067107026
0.189	-0.01212533262185523
0.1892	-0.01240419563059068
0.1894	-0.012682750795990029
0.1896	-0.012960998827071371
0.1898	-0.013238940421712857
0.19	-0.013516576283319029
0.1902	-0.013793907108965758
0.1904	-0.014070933595217315
0.1906	-0.014347656440158505
0.1908	-0.014624076333660608
0.191	-0.01490019396906668
0.1912	-0.015176010036415657
0.1914	-0.015451525223822633
0.1916	-0.015726740216011687
0.1918	-0.016001655699760597
0.192	-0.01627627235552848
0.1922	-0.016550590866324138
0.1924	-0.01682461191056627
0.1926	-0.017098336163833265
0.1928	-0.017371764303997943
0.193	-0.017644897004587354
0.1932	-0.01791773493710449
0.1934	-0.018190278769865623
0.1936	-0.01846252917686774
0.1938	-0.018734486817052757
0.194	-0.01900615236156493
0.1942	-0.019277526469991813
0.1944	-0.019548609804940963
0.1946	-0.019819403025696115
0.1948	-0.020089906790135253
0.195	-0.0203601217541683
0.1952	-0.02063004857075089
0.1954	-0.02089968789341707
0.1956	-0.021169040372548163
0.1958	-0.021438106658393363
0.196	-0.021706887394542983
0.1962	-0.02197538322815066
0.1964	-0.02224359480392269
0.1966	-0.022511522760213863
0.1968	-0.022779167741461843
0.197	-0.023046530380987845
0.1972	-0.02331361131932927
0.1974	-0.023580411187938844
0.1976	-0.023846930621305468
0.1978	-0.024113170249304906
0.198	-0.02437913070310313
0.1982	-0.024644812608964044
0.1984	-0.024910216593120545
0.1986	-0.025175343279350434
0.1988	-0.02544019329059463
0.199	-0.025704767246272672
0.1992	-0.025969065766049685
0.1994	-0.026233089466802875
0.1996	-0.026496838962815336
0.1998	-0.026760314871084944
0.2	-0.027023517800036582
