0.02	-0.005383419616127859
0.0201	-0.0053822238346573435
0.0202	-0.005380859190840282
0.0203	-0.005379326444082235
0.0204	-0.005377626689810222
0.0205	-0.005375761313753957
0.0206	-0.005373731950697318
0.0207	-0.005371540442707146
0.0208	-0.005369188804771635
0.0209	-0.005366679189837119
0.021	-0.005364013857965858
0.0211	-0.005361195147970789
0.0212	-0.00535822545159514
0.0213	-0.005355107189992717
0.0214	-0.005351842792723966
0.0215	-0.005348434678798249
0.0216	-0.0053448852387432645
0.0217	-0.005341196825714498
0.0218	-0.00533737172996825
0.0219	-0.005333412180549365
0.022	-0.005329320328279102
0.0221	-0.0053250982394116644
0.0222	-0.005320747888439919
0.0223	-0.005316271152282438
0.0224	-0.005311669805765268
0.0225	-0.005306945517983542
0.0226	-0.005302099849497664
0.0227	-0.005297134250903788
0.0228	-0.005292050061457916
0.0229	-0.00528684850888838
0.023	-0.005281530709620058
0.0231	-0.005276097669654404
0.0232	-0.005270550285745093
0.0233	-0.005264889347277581
0.0234	-0.005259115538167958
0.0235	-0.005253229439403837
0.0236	-0.005247231531608918
0.0237	-0.005241122198059915
0.0238	-0.005234901727621858
0.0239	-0.005228570318061719
0.024	-0.005222128079402399
0.0241	-0.0052155750373023705
0.0242	-0.005208911136657781
0.0243	-0.005202136245165447
0.0244	-0.005195250156557889
0.0245	-0.005188252594502218
0.0246	-0.00518114321617301
0.0247	-0.005173921615441864
0.0248	-0.005166587326531165
0.0249	-0.005159139827464165
0.025	-0.005151578543199894
0.0251	-0.005143902848894753
0.0252	-0.005136112073742808
0.0253	-0.005128205502177519
0.0254	-0.0051201823794975575
0.0255	-0.005112041912688101
0.0256	-0.005103783273792023
0.0257	-0.005095405601837611
0.0258	-0.005086908010203572
0.0259	-0.005078289578864996
0.026	-0.005069549367068099
0.0261	-0.0050606864103645375
0.0262	-0.005051699723695815
0.0263	-0.005042588303742498
0.0264	-0.005033351130445972
0.0265	-0.0050239871680083144
0.0266	-0.00501449536925738
0.0267	-0.005004874674291547
0.0268	-0.004995124013396457
0.0269	-0.00498524230838425
0.027	-0.004975228473676985
0.0271	-0.0049650814175724225
0.0272	-0.0049548000434937005
0.0273	-0.004944383250961867
0.0274	-0.004933829936526161
0.0275	-0.0049231389948003945
0.0276	-0.0049123093191996755
0.0277	-0.004901339802311756
0.0278	-0.004890229337629559
0.0279	-0.004878976818995726
0.028	-0.00486758114179554
0.0281	-0.004856041203300332
0.0282	-0.004844355903170032
0.0283	-0.004832524143721172
0.0284	-0.004820544830346464
0.0285	-0.0048084168718455075
0.0286	-0.004796139180517274
0.0287	-0.0047837106725386585
0.0288	-0.004771130267979807
0.0289	-0.004758396891088929
0.029	-0.004745509470159557
0.0291	-0.004732466937780777
0.0292	-0.004719268230810198
0.0293	-0.004705912290315193
0.0294	-0.004692398061587929
0.0295	-0.0046787244941393896
0.0296	-0.004664890541482664
0.0297	-0.004650895161192654
0.0298	-0.004636737314735415
0.0299	-0.004622415967254805
0.03	-0.004607930087531892
0.0301	-0.00459327864777523
0.0302	-0.00457846062347755
0.0303	-0.004563474993146139
0.0304	-0.004548320738165348
0.0305	-0.004532996842631682
0.0306	-0.004517502292998165
0.0307	-0.004501836078032809
0.0308	-0.004485997188401163
0.0309	-0.004469984616602811
0.031	-0.004453797356632645
0.0311	-0.004437434403714845
0.0312	-0.004420894754179333
0.0313	-0.004404177405102793
0.0314	-0.004387281354047812
0.0315	-0.00437020559898035
0.0316	-0.004352949137780384
0.0317	-0.004335510968260209
0.0318	-0.004317890087679102
0.0319	-0.004300085492605774
0.032	-0.004282096178655561
0.0321	-0.004263921140346385
0.0322	-0.004245559370706693
0.0323	-0.00422700986113156
0.0324	-0.00420827160111356
0.0325	-0.004189343578052667
0.0326	-0.0041702247769868535
0.0327	-0.004150914180469034
0.0328	-0.004131410768210296
0.0329	-0.004111713516912206
0.033	-0.004091821400201636
0.0331	-0.004071733388219542
0.0332	-0.004051448447522547
0.0333	-0.004030965540947945
0.0334	-0.004010283627353949
0.0335	-0.0039894016613852374
0.0336	-0.003968318593447722
0.0337	-0.0039470333694382655
0.0338	-0.003925544930553327
0.0339	-0.0039038522131684965
0.034	-0.0038819541487191598
0.0341	-0.003859849663514472
0.0342	-0.003837537678584184
0.0343	-0.0038150171094949595
0.0344	-0.0037922868663373735
0.0345	-0.0037693458534964162
0.0346	-0.003746192969560182
0.0347	-0.003722827107142979
0.0348	-0.0036992471529337014
0.0349	-0.003675451987334591
0.035	-0.0036514404846321163
0.0351	-0.0036272115126253068
0.0352	-0.0036027639327832024
0.0353	-0.003578096599955105
0.0354	-0.0035532083623716054
0.0355	-0.0035280980615912585
0.0356	-0.0035027645323232287
0.0357	-0.003477206602439278
0.0358	-0.003451423092942825
0.0359	-0.0034254128176755398
0.036	-0.0033991745835454212
0.0361	-0.0033727071903103104
0.0362	-0.0033460094305495535
0.0363	-0.003319080089617629
0.0364	-0.003291917945536992
0.0365	-0.0032645217691028273
0.0366	-0.0032368903236921383
0.0367	-0.003209022365322682
0.0368	-0.003180916642503346
0.0369	-0.0031525718964021607
0.037	-0.0031239868606037866
0.0371	-0.003095160261242579
0.0372	-0.003066090816871764
0.0373	-0.0030367772385115795
0.0374	-0.0030072182296717975
0.0375	-0.002977412486177582
0.0376	-0.0029473586962846946
0.0377	-0.0029170555407722807
0.0378	-0.002886501692680507
0.0379	-0.0028556958174898125
0.038	-0.0028246365731021857
0.0381	-0.0027933226097587647
0.0382	-0.002761752570152925
0.0383	-0.0027299250893637887
0.0384	-0.002697838794934498
0.0385	-0.002665492306746882
0.0386	-0.002632884237214154
0.0387	-0.0026000131911555566
0.0388	-0.0025668777658773467
0.0389	-0.0025334765511611603
0.039	-0.0024998081293738403
0.0391	-0.002465871075364697
0.0392	-0.0024316639565324857
0.0393	-0.002397185332935544
0.0394	-0.0023624337571797904
0.0395	-0.0023274077745419793
0.0396	-0.0022921059230153985
0.0397	-0.0022565267332944
0.0398	-0.0022206687288603283
0.0399	-0.0021845304258599854
0.04	-0.0021481103334386443
0.0401	-0.0021114069534815027
0.0402	-0.0020744187808623476
0.0403	-0.002037144303434657
0.0404	-0.001999582001924614
0.0405	-0.001961730350285106
0.0406	-0.0019235878154049183
0.0407	-0.0018851528574971026
0.0408	-0.0018464239298109368
0.0409	-0.0018073994789722502
0.041	-0.0017680779448589487
0.0411	-0.0017284577607397987
0.0412	-0.0016885373533095894
0.0413	-0.0016483151427466411
0.0414	-0.0016077895428619651
0.0415	-0.0015669589609140764
0.0416	-0.0015258217980065915
0.0417	-0.0014843764489358108
0.0418	-0.001442621302260742
0.0419	-0.0014005547405196125
0.042	-0.0013581751401616977
0.0421	-0.0013154808716704309
0.0422	-0.0012724702996868833
0.0423	-0.0012291417829926503
0.0424	-0.0011854936746280079
0.0425	-0.001141524322006625
0.0426	-0.001097232067025595
0.0427	-0.00105261524598111
0.0428	-0.0010076721899341732
0.0429	-0.0009624012244822023
0.043	-0.0009168006700832279
0.0431	-0.0008708688421152182
0.0432	-0.0008246040508077668
0.0433	-0.0007780046016291839
0.0434	-0.0007310687950677853
0.0435	-0.0006837949269616612
0.0436	-0.0006361812884854294
0.0437	-0.0005882261663685679
0.0438	-0.0005399278427757188
0.0439	-0.000491284595783923
0.044	-0.0004422946990829073
0.0441	-0.00039295642243674056
0.0442	-0.00034326803158217224
0.0443	-0.0002932277884169681
0.0444	-0.0002428339511543814
0.0445	-0.0001920847744036166
0.0446	-0.0001409785093481351
0.0447	-8.951340378128276e-5
0.0448	-3.7687702379488576e-5
0.0449	1.4500353306437649e-5
0.045	6.70525246571093e-5
0.0451	0.0001199705757464252
0.0452	0.00017325627338544573
0.0453	0.00022691138678287656
0.0454	0.0002809376876027684
0.0455	0.00033533694954168756
0.0456	0.00039011094843042235
0.0457	0.0004452614620456557
0.0458	0.0005007902696227205
0.0459	0.0005566991522297286
0.046	0.0006129898921103385
0.0461	0.0006696642727842483
0.0462	0.0007267240788115752
0.0463	0.000784171095595388
0.0464	0.0008420071091711564
0.0465	0.0009002339060925325
0.0466	0.0009588532731947172
0.0467	0.001017866997393636
0.0468	0.0010772768656317825
0.0469	0.0011370846643708004
0.047	0.0011972921796924928
0.0471	0.0012579011970118785
0.0472	0.00131891350075656
0.0473	0.001380330874264609
0.0474	0.0014421550994554667
0.0475	0.0015043879568313687
0.0476	0.001567031225029014
0.0477	0.001630086680600579
0.0478	0.001693556098001443
0.0479	0.0017574412490761202
0.048	0.0018217439029843087
0.0481	0.0018864658259810962
0.0482	0.0019516087809886371
0.0483	0.00201717452753975
0.0484	0.002083164821421949
0.0485	0.002149581414458498
0.0486	0.0022164260542314935
0.0487	0.0022837004837796505
0.0488	0.0023514064413448403
0.0489	0.002419545660159299
0.049	0.0024881198681168037
0.0491	0.002557130787478208
0.0492	0.0026265801345534204
0.0493	0.002696469619553684
0.0494	0.0027668009461188654
0.0495	0.002837575811095335
0.0496	0.0029087959043887866
0.0497	0.002980462908266091
0.0498	0.003052578497534349
0.0499	0.003125144338841153
0.05	0.003198162090559612
0.0501	0.0032716334023794045
0.0502	0.0033455599150818394
0.0503	0.0034199432600410754
0.0504	0.0034947850591807617
0.0505	0.0035700869242858307
0.0506	0.0036458504569554153
0.0507	0.003722077248107817
0.0508	0.003798768877765111
0.0509	0.0038759269145109423
0.051	0.003953552915380115
0.0511	0.004031648425312771
0.0512	0.0041102149769303275
0.0513	0.004189254090132766
0.0514	0.004268767271710778
0.0515	0.00434875601507478
0.0516	0.004429221799728426
0.0517	0.004510166091103966
0.0518	0.004591590340206215
0.0519	0.004673495982915333
0.052	0.004755884439987012
0.0521	0.004838757116582549
0.0522	0.004922115401777924
0.0523	0.005005960668346688
0.0524	0.005090294272294223
0.0525	0.005175117552400526
0.0526	0.005260431830229416
0.0527	0.005346238409234893
0.0528	0.005432538574740368
0.0529	0.00551933359344621
0.053	0.005606624713086941
0.0531	0.00569441316201479
0.0532	0.00578270014889176
0.0533	0.00587148686228311
0.0534	0.00596077447026826
0.0535	0.006050564120076153
0.0536	0.006140856937867176
0.0537	0.006231654028051978
0.0538	0.006322956473283695
0.0539	0.006414765333828668
0.054	0.006507081647449636
0.0541	0.006599906428730661
0.0542	0.006693240669017573
0.0543	0.00678708533606335
0.0544	0.0068814413733793
0.0545	0.006976309700316692
0.0546	0.0070716912113597385
0.0547	0.0071675867760639216
0.0548	0.007263997238547598
0.0549	0.00736092341730825
0.055	0.0074583661048432245
0.0551	0.007556326067271146
0.0552	0.007654804044203023
0.0553	0.007753800748239925
0.0554	0.00785331686483079
0.0555	0.007953353051973703
0.0556	0.008053909939856368
0.0557	0.00815498813057389
0.0558	0.008256588198063469
0.0559	0.008358710687590263
0.056	0.008461356115646376
0.0561	0.0085645249697148
0.0562	0.008668217707903868
0.0563	0.008772434758999687
0.0564	0.00887717652188918
0.0565	0.008982443365640939
0.0566	0.009088235629149653
0.0567	0.00919455362104607
0.0568	0.009301397619533434
0.0569	0.009408767872058296
0.057	0.009516664595344473
0.0571	0.009625087975126796
0.0572	0.009734038166045948
0.0573	0.009843515291603353
0.0574	0.009953519443870412
0.0575	0.010064050683535223
0.0576	0.010175109039823615
0.0577	0.01028669451025167
0.0578	0.010398807060771507
0.0579	0.010511446625481237
0.058	0.01062461310674976
0.0581	0.010738306375193513
0.0582	0.010852526269532804
0.0583	0.01096727259663785
0.0584	0.011082545131507634
0.0585	0.011198343617373478
0.0586	0.011314667765590702
0.0587	0.011431517255771125
0.0588	0.011548891735762793
0.0589	0.01166679082182885
0.059	0.011785214098509415
0.0591	0.011904161118955663
0.0592	0.012023631404807392
0.0593	0.01214362444644635
0.0594	0.012264139703156152
0.0595	0.01238517660296179
0.0596	0.012506734543156433
0.0597	0.012628812890174005
0.0598	0.01275141097999406
0.0599	0.01287452811806981
0.06	0.012998163579644227
0.0601	0.013122316610009042
0.0602	0.013246986424639803
0.0603	0.013372172209390987
0.0604	0.01349787312083305
0.0605	0.013624088286411797
0.0606	0.013750816804705787
0.0607	0.013878057745749474
0.0608	0.014005810151292587
0.0609	0.014134073035042855
0.061	0.014262845382955453
0.0611	0.014392126153668538
0.0612	0.014521914278597635
0.0613	0.014652208662489355
0.0614	0.014783008183600394
0.0615	0.01491431169401939
0.0616	0.015046118020191027
0.0617	0.015178425963085131
0.0618	0.015311234298616503
0.0619	0.015444541778040513
0.062	0.0155783471283803
0.0621	0.015712649052700305
0.0622	0.01584744623047109
0.0623	0.015982737318165543
0.0624	0.01611852094948507
0.0625	0.016254795735743434
0.0626	0.01639156026653765
0.0627	0.016528813109732178
0.0628	0.0166665528123297
0.0629	0.016804777900601513
0.063	0.016943486880638816
0.0631	0.01708267823878929
0.0632	0.017222350441947403
0.0633	0.017362501938227533
0.0634	0.01750313115724973
0.0635	0.017644236510610527
0.0636	0.017785816392336878
0.0637	0.01792786917938745
0.0638	0.018070393232003816
0.0639	0.01821338689414792
0.064	0.018356848494151996
0.0641	0.018500776344928957
0.0642	0.018645168744558127
0.0643	0.018790023976712124
0.0644	0.018935340311098732
0.0645	0.019081116003861837
0.0646	0.019227349298138224
0.0647	0.01937403842443478
0.0648	0.01952118160103177
0.0649	0.019668777034584865
0.065	0.01981682292039402
0.0651	0.019965317442890124
0.0652	0.02011425877609436
0.0653	0.020263645084130942
0.0654	0.02041347452154591
0.0655	0.020563745233690554
0.0656	0.020714455357301986
0.0657	0.02086560302086779
0.0658	0.021017186344931986
0.0659	0.021169203442651007
0.066	0.021321652420164684
0.0661	0.021474531376932046
0.0662	0.02162783840617986
0.0663	0.02178157159541657
0.0664	0.021935729026484718
0.0665	0.022090308776366675
0.0666	0.022245308917293295
0.0667	0.022400727517138883
0.0668	0.022556562639894702
0.0669	0.022712812345938253
0.067	0.022869474692451385
0.0671	0.023026547733746072
0.0672	0.0231840295215483
0.0673	0.023341918105503685
0.0674	0.023500211533266736
0.0675	0.02365890785116809
0.0676	0.023818005104144193
0.0677	0.023977501336287687
0.0678	0.024137394591165172
0.0679	0.024297682911988968
0.068	0.024458364342084715
0.0681	0.024619436924959104
0.0682	0.02478089870478345
0.0683	0.024942747726588686
0.0684	0.025104982036495985
0.0685	0.025267599682044097
0.0686	0.025430598712423
0.0687	0.025593977178714825
0.0688	0.02575773313414813
0.0689	0.025921864634330813
0.069	0.026086369737448788
0.0691	0.02625124650457633
0.0692	0.02641649299980396
0.0693	0.026582107290461645
0.0694	0.026748087447386795
0.0695	0.02691443154498982
0.0696	0.027081137661727636
0.0697	0.027248203879837327
0.0698	0.027415628285981035
0.0699	0.027583408971083818
0.07	0.027751544030705667
0.0701	0.027920031565078413
0.0702	0.028088869679309885
0.0703	0.02825805648356261
0.0704	0.028427590093119154
0.0705	0.02859746862854999
0.0706	0.02876769021599051
0.0707	0.028938252986925685
0.0708	0.02910915507866739
0.0709	0.029280394634272768
0.071	0.02945196980269494
0.0711	0.029623878738906997
0.0712	0.029796119604004776
0.0713	0.029968690565222618
0.0714	0.030141589796107187
0.0715	0.030314815476596153
0.0716	0.030488365793087426
0.0717	0.030662238938408987
0.0718	0.03083643311215315
0.0719	0.031010946520359108
0.072	0.03118577737594208
0.0721	0.031360923898549484
0.0722	0.031536384314561926
0.0723	0.031712156857380144
0.0724	0.031888239767171894
0.0725	0.03206463129113414
0.0726	0.03224132968351099
0.0727	0.032418333205408933
0.0728	0.032595640125084896
0.0729	0.032773248717830564
0.073	0.032951157266046305
0.0731	0.03312936405921091
0.0732	0.033307867393935056
0.0733	0.033486665573944474
0.0734	0.03366575691008645
0.0735	0.033845139720389765
0.0736	0.03402481232997836
0.0737	0.03420477307110817
0.0738	0.03438502028314837
0.0739	0.03456555231266978
0.074	0.0347463675132008
0.0741	0.03492746424552229
0.0742	0.03510884087735137
0.0743	0.035290495783559354
0.0744	0.035472427346003615
0.0745	0.035654633953587145
0.0746	0.03583711400217274
0.0747	0.036019865894539704
0.0748	0.036202888040483314
0.0749	0.036386178856640104
0.075	0.036569736766475104
0.0751	0.03675356020035611
0.0752	0.036937647595355116
0.0753	0.037121997395367895
0.0754	0.03730660805091548
0.0755	0.037491478019260435
0.0756	0.03767660576418801
0.0757	0.03786198975617666
0.0758	0.038047628472056665
0.0759	0.03823352039522836
0.076	0.038419664015722624
0.0761	0.03860605782953775
0.0762	0.03879270033925661
0.0763	0.03897959005368852
0.0764	0.03916672548783812
0.0765	0.03935410516283176
0.0766	0.03954172760597335
0.0767	0.03972959135055587
0.0768	0.03991769493586486
0.0769	0.04010603690715042
0.077	0.040294615815483666
0.0771	0.040483430217745746
0.0772	0.04067247867656185
0.0773	0.04086175976033029
0.0774	0.04105127204295936
0.0775	0.04124101410394257
0.0776	0.04143098452831341
0.0777	0.041621181906492104
0.0778	0.04181160483430733
0.0779	0.04200225191285738
0.078	0.04219312174853397
0.0781	0.042384212952776446
0.0782	0.04257552414233896
0.0783	0.042767053938856145
0.0784	0.0429588009690398
0.0785	0.04315076386443736
0.0786	0.04334294126151896
0.0787	0.043535331801483695
0.0788	0.04372793413030629
0.0789	0.0439207468985681
0.079	0.04411376876143815
0.0791	0.044306998378668895
0.0792	0.044500434414407146
0.0793	0.04469407553719425
0.0794	0.04488792041994308
0.0795	0.04508196773977583
0.0796	0.04527621617808516
0.0797	0.0454706644203086
0.0798	0.04566531115600406
0.0799	0.04586015507873667
0.08	0.046055194886015074
0.0801	0.04625042927917744
0.0802	0.04644585696342047
0.0803	0.0466414766476697
0.0804	0.046837287044585105
0.0805	0.047033286870411306
0.0806	0.04722947484494333
0.0807	0.04742584969151696
0.0808	0.047622410136900016
0.0809	0.04781915491123401
0.081	0.048016082747958176
0.0811	0.048213192383868224
0.0812	0.0484104825588512
0.0813	0.048607952015988186
0.0814	0.04880559950147499
0.0815	0.04900342376446716
0.0816	0.049201423557153234
0.0817	0.04939959763461927
0.0818	0.04959794475478396
0.0819	0.04979646367841488
0.082	0.04999515316898941
0.0821	0.05019401199270524
0.0822	0.050393038918390066
0.0823	0.050592232717438665
0.0824	0.05079159216382634
0.0825	0.05099111603396648
0.0826	0.05119080310675188
0.0827	0.051390652163380506
0.0828	0.05159066198746508
0.0829	0.05179083136484682
0.083	0.05199115908360217
0.0831	0.05219164393403503
0.0832	0.052392284708527574
0.0833	0.052593080201571656
0.0834	0.052794029209682264
0.0835	0.05299513053146512
0.0836	0.053196382967360616
0.0837	0.05339778531972725
0.0838	0.05359933639287702
0.0839	0.05380103499286898
0.084	0.054002879927574535
0.0841	0.05420487000653251
0.0842	0.05440700404109368
0.0843	0.05460928084415354
0.0844	0.05481169923034552
0.0845	0.05501425801566671
0.0846	0.055216956017943575
0.0847	0.05541979205625536
0.0848	0.05562276495125081
0.0849	0.05582587352500077
0.085	0.05602911660097733
0.0851	0.05623249300395583
0.0852	0.056436001560105635
0.0853	0.056639641096819994
0.0854	0.05684341044278761
0.0855	0.057047308427959555
0.0856	0.057251333883368914
0.0857	0.057455485641271335
0.0858	0.05765976253509551
0.0859	0.05786416339928145
0.086	0.05806868706944062
0.0861	0.058273332382174886
0.0862	0.058478098175066
0.0863	0.0586829832867793
0.0864	0.058887986556875646
0.0865	0.05909310682587505
0.0866	0.059298342935222924
0.0867	0.05950369372725334
0.0868	0.05970915804509969
0.0869	0.05991473473290912
0.087	0.06012042263541957
0.0871	0.060326220598432435
0.0872	0.06053212746828289
0.0873	0.060738142092188654
0.0874	0.06094426331813352
0.0875	0.061150489994782495
0.0876	0.06135682097141279
0.0877	0.06156325509820558
0.0878	0.06176979122583658
0.0879	0.061976428205678766
0.088	0.06218316488974464
0.0881	0.06239000013071111
0.0882	0.062596932781773
0.0883	0.0628039616968208
0.0884	0.06301108573027908
0.0885	0.06321830373710884
0.0886	0.06342561457288486
0.0887	0.06363301709372159
0.0888	0.06384051015624345
0.0889	0.06404809261762
0.089	0.06425576333548234
0.0891	0.06446352116809494
0.0892	0.06467136497408389
0.0893	0.06487929361264909
0.0894	0.06508730594346814
0.0895	0.06529540082662853
0.0896	0.06550357712276828
0.0897	0.06571183369300822
0.0898	0.0659201693988594
0.0899	0.06612858310230796
0.09	0.06633707366582817
0.0901	0.06654563995234583
0.0902	0.06675428082517854
0.0903	0.06696299514815858
0.0904	0.06717178178551936
0.0905	0.06738063960199854
0.0906	0.06758956746265438
0.0907	0.0677985642331501
0.0908	0.0680076287795267
0.0909	0.0682167599681697
0.091	0.06842595666609942
0.0911	0.06863521774063909
0.0912	0.0688445420596909
0.0913	0.06905392849140878
0.0914	0.06926337590472059
0.0915	0.06947288316871486
0.0916	0.06968244915313229
0.0917	0.06989207272812986
0.0918	0.07010175276434788
0.0919	0.07031148813293132
0.092	0.07052127770548428
0.0921	0.07073112035415377
0.0922	0.07094101495157644
0.0923	0.07115096037091248
0.0924	0.07136095548584157
0.0925	0.07157099917057701
0.0926	0.07178109029988196
0.0927	0.07199122774909339
0.0928	0.07220141039406192
0.0929	0.0724116371112591
0.093	0.07262190677773128
0.0931	0.07283221827111162
0.0932	0.07304257046969646
0.0933	0.07325296225229533
0.0934	0.07346339249846709
0.0935	0.07367386008835473
0.0936	0.07388436390278479
0.0937	0.07409490282327244
0.0938	0.07430547573199509
0.0939	0.07451608151184802
0.094	0.07472671904644275
0.0941	0.07493738722017858
0.0942	0.07514808491809523
0.0943	0.07535881102613229
0.0944	0.07556956443088594
0.0945	0.07578034401989997
0.0946	0.07599114868136984
0.0947	0.07620197730449488
0.0948	0.07641282877919439
0.0949	0.07662370199633403
0.095	0.07683459584763944
0.0951	0.07704550922578045
0.0952	0.07725644102433928
0.0953	0.07746739013781251
0.0954	0.07767835546174502
0.0955	0.07788933589256566
0.0956	0.07810033032781465
0.0957	0.07831133766599851
0.0958	0.07852235680670347
0.0959	0.0787333866505662
0.096	0.0789444260993539
0.0961	0.07915547405589302
0.0962	0.07936652942420597
0.0963	0.07957759110942386
0.0964	0.07978865801791146
0.0965	0.0799997290571728
0.0966	0.08021080313600021
0.0967	0.08042187916443648
0.0968	0.08063295605372202
0.0969	0.08084403271649998
0.097	0.081055108066655
0.0971	0.0812661810194524
0.0972	0.08147725049150172
0.0973	0.08168831540087974
0.0974	0.08189937466695049
0.0975	0.08211042721064836
0.0976	0.08232147195431692
0.0977	0.08253250782180901
0.0978	0.0827435337384859
0.0979	0.08295454863124938
0.098	0.08316555142857221
0.0981	0.08337654106052526
0.0982	0.08358751645885128
0.0983	0.08379847655681026
0.0984	0.08400942028948918
0.0985	0.08422034659356702
0.0986	0.08443125440750987
0.0987	0.084642142671478
0.0988	0.0848530103274783
0.0989	0.08506385631930546
0.099	0.08527467959251678
0.0991	0.08548547909460648
0.0992	0.08569625377494511
0.0993	0.08590700258480388
0.0994	0.08611772447737731
0.0995	0.08632841840787142
0.0996	0.0865390833334684
0.0997	0.08674971821332189
0.0998	0.08696032200872257
0.0999	0.08717089368300455
0.1	0.08738143220158888
0.1001	0.0875919365320344
0.1002	0.0878024056440796
0.1003	0.0880128385096317
0.1004	0.08822323410283692
0.1005	0.08843359140005247
0.1006	0.08864390937992135
0.1007	0.08885418702342927
0.1008	0.08906442331381369
0.1009	0.08927461723671415
0.101	0.08948476778013693
0.1011	0.08969487393450139
0.1012	0.08990493469264238
0.1013	0.09011494904992925
0.1014	0.09032491600412684
0.1015	0.09053483455561284
0.1016	0.09074470370724819
0.1017	0.09095452246449126
0.1018	0.09116428983542389
0.1019	0.09137400483074098
0.102	0.09158366646377106
0.1021	0.09179327375054361
0.1022	0.09200282570985512
0.1023	0.09221232136316039
0.1024	0.09242175973472773
0.1025	0.09263113985162662
0.1026	0.09284046074369277
0.1027	0.09304972144368637
0.1028	0.09325892098716082
0.1029	0.09346805841266426
0.103	0.0936771327616037
0.1031	0.09388614307833856
0.1032	0.09409508841027209
0.1033	0.09430396780774662
0.1034	0.09451278032418767
0.1035	0.09472152501604114
0.1036	0.0949302009429037
0.1037	0.09513880716737264
0.1038	0.09534734275529044
0.1039	0.0955558067756228
0.104	0.09576419830049926
0.1041	0.09597251640534389
0.1042	0.09618076016868435
0.1043	0.09638892867246528
0.1044	0.09659702100178691
0.1045	0.09680503624519102
0.1046	0.09701297349439861
0.1047	0.09722083184464492
0.1048	0.0974286103944995
0.1049	0.0976363082458957
0.105	0.09784392450425239
0.1051	0.09805145827844351
0.1052	0.09825890868082646
0.1053	0.09846627482724092
0.1054	0.09867355583708845
0.1055	0.09888075083322749
0.1056	0.09908785894223443
0.1057	0.09929487929419584
0.1058	0.0995018110228302
0.1059	0.09970865326549147
0.106	0.09991540516322962
0.1061	0.10012206586069912
0.1062	0.10032863450637217
0.1063	0.10053511025236289
0.1064	0.10074149225455992
0.1065	0.10094777967264441
0.1066	0.1011539716700337
0.1067	0.1013600674140244
0.1068	0.10156606607568246
0.1069	0.10177196682995118
0.107	0.10197776885562136
0.1071	0.10218347133548203
0.1072	0.1023890734559946
0.1073	0.10259457440781011
0.1074	0.10279997338538462
0.1075	0.10300526958714239
0.1076	0.10321046221551446
0.1077	0.10341555047699923
0.1078	0.10362053358196378
0.1079	0.1038254107449541
0.108	0.10403018118444304
0.1081	0.10423484412311308
0.1082	0.10443939878763742
0.1083	0.10464384440882066
0.1084	0.10484818022157498
0.1085	0.10505240546493627
0.1086	0.10525651938216891
0.1087	0.10546052122064263
0.1088	0.10566441023186572
0.1089	0.10586818567167192
0.109	0.10607184679994884
0.1091	0.10627539288095986
0.1092	0.10647882318309021
0.1093	0.10668213697904926
0.1094	0.10688533354579971
0.1095	0.10708841216455954
0.1096	0.10729137212086279
0.1097	0.10749421270454688
0.1098	0.10769693320975783
0.1099	0.1078995329350123
0.11	0.10810201118310736
0.1101	0.10830436726122886
0.1102	0.10850660048091956
0.1103	0.1087087101581182
0.1104	0.10891069561313133
0.1105	0.10911255617065527
0.1106	0.10931429115982048
0.1107	0.10951589991412339
0.1108	0.10971738177156436
0.1109	0.10991873607452127
0.111	0.11011996216984003
0.1111	0.11032105940883746
0.1112	0.11052202714720594
0.1113	0.11072286474522017
0.1114	0.11092357156759766
0.1115	0.11112414698350798
0.1116	0.11132459036662662
0.1117	0.11152490109515431
0.1118	0.11172507855178489
0.1119	0.11192512212372435
0.112	0.11212503120268753
0.1121	0.11232480518493917
0.1122	0.1125244434712171
0.1123	0.11272394546690592
0.1124	0.11292331058180115
0.1125	0.11312253823035942
0.1126	0.11332162783149648
0.1127	0.11352057880873968
0.1128	0.11371939059011528
0.1129	0.11391806260831215
0.113	0.11411659430049528
0.1131	0.11431498510842068
0.1132	0.11451323447844006
0.1133	0.11471134186142103
0.1134	0.11490930671286316
0.1135	0.11510712849283676
0.1136	0.11530480666595935
0.1137	0.11550234070148607
0.1138	0.11569973007318893
0.1139	0.11589697425941527
0.114	0.11609407274318936
0.1141	0.11629102501202485
0.1142	0.11648783055804642
0.1143	0.11668448887800362
0.1144	0.1168809994731356
0.1145	0.11707736184934564
0.1146	0.11727357551712383
0.1147	0.11746963999144232
0.1148	0.11766555479194105
0.1149	0.11786131944281283
0.115	0.11805693347280306
0.1151	0.11825239641527932
0.1152	0.11844770780810165
0.1153	0.11864286719374328
0.1154	0.11883787411924893
0.1155	0.11903272813620165
0.1156	0.11922742880070267
0.1157	0.11942197567349822
0.1158	0.11961636831979885
0.1159	0.11981060630941129
0.116	0.12000468921663676
0.1161	0.12019861662032721
0.1162	0.12039238810386022
0.1163	0.1205860032551438
0.1164	0.12077946166661808
0.1165	0.1209727629352094
0.1166	0.12116590666233182
0.1167	0.12135889245392883
0.1168	0.12155171992046501
0.1169	0.12174438867681311
0.117	0.1219368983423829
0.1171	0.12212924854103831
0.1172	0.12232143890112047
0.1173	0.12251346905540397
0.1174	0.12270533864110235
0.1175	0.12289704729990837
0.1176	0.12308859467793767
0.1177	0.1232799804257177
0.1178	0.12347120419817627
0.1179	0.12366226565466784
0.118	0.12385316445894193
0.1181	0.12404390027913062
0.1182	0.12423447278777303
0.1183	0.12442488166174809
0.1184	0.12461512658222483
0.1185	0.12480520723484756
0.1186	0.12499512330956414
0.1187	0.12518487450057433
0.1188	0.12537446050649742
0.1189	0.12556388103015442
0.119	0.12575313577873445
0.1191	0.12594222446370448
0.1192	0.12613114680076537
0.1193	0.1263199025099258
0.1194	0.12650849131542138
0.1195	0.12669691294571211
0.1196	0.12688516713347192
0.1197	0.12707325361563657
0.1198	0.1272611721332872
0.1199	0.1274489224317393
0.12	0.12763650426047943
0.1201	0.12782391737304366
0.1202	0.12801116152730885
0.1203	0.12819823648517364
0.1204	0.12838514201260387
0.1205	0.12857187787981306
0.1206	0.1287584438609965
0.1207	0.12894483973450607
0.1208	0.12913106528265797
0.1209	0.1293171202919743
0.121	0.12950300455284192
0.1211	0.12968871785980096
0.1212	0.12987426001136287
0.1213	0.13005963080998928
0.1214	0.13024483006220897
0.1215	0.13042985757842535
0.1216	0.1306147131730442
0.1217	0.13079939666438864
0.1218	0.1309839078747058
0.1219	0.131168246630147
0.122	0.13135241276069015
0.1221	0.1315364061003763
0.1222	0.13172022648685605
0.1223	0.13190387376176368
0.1224	0.132087347770544
0.1225	0.13227064836240057
0.1226	0.13207410621996843
0.1227	0.1317935908202245
0.1228	0.13151333187752176
0.1229	0.13123332956993394
0.123	0.13095358412675961
0.1231	0.1306740957357951
0.1232	0.1303948645935843
0.1233	0.13011589089351416
0.1234	0.1298371748130035
0.1235	0.1295587165404455
0.1236	0.12928051624499182
0.1237	0.1290025741072055
0.1238	0.12872489029461426
0.1239	0.12844746497326787
0.124	0.12817029830304522
0.1241	0.12789339044453624
0.1242	0.12761674155158806
0.1243	0.1273403517645114
0.1244	0.12706422124290306
0.1245	0.1267883501152326
0.1246	0.12651273852716946
0.1247	0.126237386611823
0.1248	0.12596229449812546
0.1249	0.12568746231359204
0.125	0.1254128901801416
0.1251	0.12513857821634147
0.1252	0.12486452653566203
0.1253	0.12459073524565581
0.1254	0.12431720447132869
0.1255	0.12404393429745678
0.1256	0.12377092483314157
0.1257	0.12349817616918127
0.1258	0.12322568840305001
0.1259	0.12295346161728371
0.126	0.12268149590836808
0.1261	0.12240979135017116
0.1262	0.12213834802038359
0.1263	0.12186716599677067
0.1264	0.12159624535136015
0.1265	0.12132558614770418
0.1266	0.12105518845407584
0.1267	0.12078505233063766
0.1268	0.12051517782891072
0.1269	0.12024556500899862
0.127	0.11997621392435984
0.1271	0.11970712460378093
0.1272	0.11943829711368051
0.1273	0.11916973148356083
0.1274	0.11890142774601084
0.1275	0.1186333859364881
0.1276	0.11836560609757482
0.1277	0.11809808824559465
0.1278	0.11783083239718675
0.1279	0.11756383859679659
0.128	0.11729710682212013
0.1281	0.11703063711340345
0.1282	0.11676442948520116
0.1283	0.11649848393221786
0.1284	0.11623280046800064
0.1285	0.1159673790924354
0.1286	0.11570221979791266
0.1287	0.11543732258243866
0.1288	0.1151726874383101
0.1289	0.11490831435344342
0.129	0.11464420331524988
0.1291	0.11438035430480144
0.1292	0.11411676730339171
0.1293	0.11385344227990193
0.1294	0.1135903792275573
0.1295	0.11332757809381008
0.1296	0.11306503886959338
0.1297	0.11280276150188702
0.1298	0.11254074595945988
0.1299	0.11227899220163379
0.13	0.11201750018623322
0.1301	0.11175626986647895
0.1302	0.11149530118770046
0.1303	0.11123459410564349
0.1304	0.11097414856281525
0.1305	0.11071396450941311
0.1306	0.1104540418600254
0.1307	0.11019438057647102
0.1308	0.10993498059159591
0.1309	0.10967584184385978
0.131	0.10941696422161115
0.1311	0.10915834770563457
0.1312	0.10889999216923615
0.1313	0.10864189757024821
0.1314	0.1083840638165813
0.1315	0.10812649082950446
0.1316	0.10786917850798829
0.1317	0.10761212678419696
0.1318	0.10735533553568004
0.1319	0.10709880470015865
0.132	0.1068425341683922
0.1321	0.10658652383810499
0.1322	0.10633077361533189
0.1323	0.10607528339193648
0.1324	0.10582005306594429
0.1325	0.10556508252830915
0.1326	0.10531037165579087
0.1327	0.10505592035139047
0.1328	0.10480172849249936
0.1329	0.10454779598015854
0.133	0.10429412265325504
0.1331	0.10404070842635572
0.1332	0.10378755316147141
0.1333	0.10353465673372997
0.1334	0.10328201900986281
0.1335	0.10302963986978954
0.1336	0.10277751916696941
0.1337	0.1025256567948289
0.1338	0.10227405255180522
0.1339	0.10202270637431442
0.134	0.1017716180736686
0.1341	0.10152078752021143
0.1342	0.10127021456948104
0.1343	0.10101989907014766
0.1344	0.10076984087451923
0.1345	0.10052003982925757
0.1346	0.10027049578000859
0.1347	0.10002120857319122
0.1348	0.09977217804957955
0.1349	0.09952340398535106
0.135	0.09927488641000345
0.1351	0.09902662497581152
0.1352	0.09877861955991998
0.1353	0.09853087001812284
0.1354	0.09828337618231514
0.1355	0.09803613785831583
0.1356	0.09778915489394366
0.1357	0.09754242710232855
0.1358	0.09729595431579172
0.1359	0.09704973635487421
0.136	0.09680377303059134
0.1361	0.09655806417326038
0.1362	0.0963126095935106
0.1363	0.09606740909909407
0.1364	0.09582246253232535
0.1365	0.09557776966590242
0.1366	0.09533333032352426
0.1367	0.09508914434918685
0.1368	0.09484521148161935
0.1369	0.09460153155812057
0.137	0.09435810441192459
0.1371	0.09411492980898885
0.1372	0.09387200755970597
0.1373	0.09362933743704951
0.1374	0.09338691930984098
0.1375	0.0931447529082821
0.1376	0.09290283804792995
0.1377	0.09266117450134162
0.1378	0.09241976207055586
0.1379	0.09217860058849205
0.138	0.09193768979083974
0.1381	0.09169702947859065
0.1382	0.09145661943517402
0.1383	0.09121645945200357
0.1384	0.09097654930830357
0.1385	0.09073688878349312
0.1386	0.09049747766392736
0.1387	0.09025831572302528
0.1388	0.09001940273851679
0.1389	0.08978073848088429
0.139	0.08954232274018264
0.1391	0.08930415526905933
0.1392	0.08906623585741175
0.1393	0.08882856427088637
0.1394	0.08859114027112283
0.1395	0.08835396364107484
0.1396	0.0881170341325896
0.1397	0.08788035149519682
0.1398	0.0876439155685948
0.1399	0.08740772603660997
0.14	0.08717178269209605
0.1401	0.08693608530269567
0.1402	0.08670063363156794
0.1403	0.08646542738515772
0.1404	0.08623046639596652
0.1405	0.08599575038493955
0.1406	0.08576127909455174
0.1407	0.08552705231213475
0.1408	0.08529306978978166
0.1409	0.08505933122490361
0.141	0.08482583642755734
0.1411	0.08459258513416558
0.1412	0.08435957708753287
0.1413	0.0841268120525854
0.1414	0.08389428977315211
0.1415	0.08366200994061421
0.1416	0.08342997236036356
0.1417	0.08319817677372317
0.1418	0.08296662288534015
0.1419	0.08273531051106528
0.142	0.08250423936676486
0.1421	0.08227340911458338
0.1422	0.08204281957490492
0.1423	0.08181247048005244
0.1424	0.08158236154188403
0.1425	0.08135249252879101
0.1426	0.08112286316263717
0.1427	0.08089347313215264
0.1428	0.08066432226375543
0.1429	0.0804354102550995
0.143	0.08020673680473019
0.1431	0.07997830168310736
0.1432	0.0797501046033009
0.1433	0.0795221453170803
0.1434	0.0792944235225408
0.1435	0.0790669389892108
0.1436	0.07883969142140293
0.1437	0.07861268053671476
0.1438	0.0783859060873513
0.1439	0.07815936779272753
0.144	0.07793306540776936
0.1441	0.07770699857297979
0.1442	0.07748116717141698
0.1443	0.07725557065754907
0.1444	0.07703020900933678
0.1445	0.07680508184868742
0.1446	0.07658018893198035
0.1447	0.07635552995084863
0.1448	0.07613110464246553
0.1449	0.07590691271592029
0.145	0.07568295390789763
0.1451	0.07545922790543116
0.1452	0.07523573445906087
0.1453	0.07501247329045722
0.1454	0.07478944407278175
0.1455	0.07456664657081302
0.1456	0.07434408048606304
0.1457	0.07412174550075601
0.1458	0.07389964142136309
0.1459	0.07367776786556338
0.146	0.07345612460728042
0.1461	0.07323471132610443
0.1462	0.07301352777890463
0.1463	0.07279257360749991
0.1464	0.07257184858433674
0.1465	0.07235135241178242
0.1466	0.07213108479533735
0.1467	0.0719110454486569
0.1468	0.07169123407035628
0.1469	0.07147165038883148
0.147	0.07125229411167054
0.1471	0.07103316494175241
0.1472	0.0708142625876163
0.1473	0.07059558671930011
0.1474	0.07037713717159658
0.1475	0.07015891353190541
0.1476	0.06994091554945547
0.1477	0.06972314293945409
0.1478	0.06950559536993585
0.1479	0.06928827259111053
0.148	0.06907117430014907
0.1481	0.06885430021371974
0.1482	0.06863764998789079
0.1483	0.06842122338619244
0.1484	0.06820502009784167
0.1485	0.06798903980098056
0.1486	0.06777328224777163
0.1487	0.06755774709909682
0.1488	0.06734243409857485
0.1489	0.06712734289544053
0.149	0.0669124731869331
0.1491	0.06669782482734744
0.1492	0.0664833973782326
0.1493	0.06626919055987607
0.1494	0.06605520408811262
0.1495	0.06584143767554311
0.1496	0.06562789099472732
0.1497	0.06541456380859789
0.1498	0.06520145573270486
0.1499	0.06498856657769038
0.15	0.06477589597560368
0.1501	0.06456344361558757
0.1502	0.06435120924205003
0.1503	0.0641391925326957
0.1504	0.06392739370901504
0.1505	0.06371581092052556
0.1506	0.06350444541277005
0.1507	0.0632932964015472
0.1508	0.0630823635626799
0.1509	0.06287164658007027
0.151	0.06266114517595374
0.1511	0.062450859064293984
0.1512	0.06224078793611775
0.1513	0.062030931451268284
0.1514	0.06182128935221716
0.1515	0.06161186135265001
0.1516	0.061402647119468814
0.1517	0.061193646361704115
0.1518	0.06098485878957068
0.1519	0.06077628408729553
0.152	0.06056792196185509
0.1521	0.060359772108491264
0.1522	0.06015183424301369
0.1523	0.05994410804894082
0.1524	0.0597365932185768
0.1525	0.05952928947920569
0.1526	0.05932219651221703
0.1527	0.059115314018226624
0.1528	0.05890864169853548
0.1529	0.05870217924685263
0.153	0.05849592634600096
0.1531	0.05828988277853078
0.1532	0.05808404814315628
0.1533	0.057878422191391984
0.1534	0.057673004518645626
0.1535	0.05746779497268899
0.1536	0.05726279335232703
0.1537	0.05705799907716813
0.1538	0.05685341197592289
0.1539	0.05664903173905182
0.154	0.056444858042004435
0.1541	0.05624089067617833
0.1542	0.05603712925425637
0.1543	0.055833573502391834
0.1544	0.05563022311711811
0.1545	0.05542707779976511
0.1546	0.05522413725801395
0.1547	0.055021401173520924
0.1548	0.05481886927093825
0.1549	0.05461654123949186
0.155	0.05441441675872956
0.1551	0.05421249556570056
0.1552	0.054010777393973045
0.1553	0.0538092618082282
0.1554	0.0536079486458083
0.1555	0.05340683755160101
0.1556	0.0532059282237976
0.1557	0.053005220243861124
0.1558	0.052804713725351504
0.1559	0.05260440794192023
0.156	0.052404302739865884
0.1561	0.052204397837807406
0.1562	0.05200469290398805
0.1563	0.05180518766574978
0.1564	0.05160588181619297
0.1565	0.051406775070041676
0.1566	0.05120786711104496
0.1567	0.05100915763689331
0.1568	0.05081064638070394
0.1569	0.050612333028532575
0.157	0.05041421727979077
0.1571	0.050216298863006284
0.1572	0.05001857740180787
0.1573	0.049821052655338705
0.1574	0.04962372442663328
0.1575	0.0494265922569891
0.1576	0.04922965591509897
0.1577	0.049032915124732
0.1578	0.048836369570190205
0.1579	0.04864001907099917
0.158	0.04844386286139317
0.1581	0.04824790137978304
0.1582	0.04805213385624796
0.1583	0.047856560063506824
0.1584	0.04766117974971159
0.1585	0.047465992594923456
0.1586	0.04727099834939601
0.1587	0.047076196682919465
0.1588	0.04688158732164507
0.1589	0.04668716992967334
0.159	0.046492944308006254
0.1591	0.04629891007603231
0.1592	0.04610506696914095
0.1593	0.0459114147034561
0.1594	0.04571795298879747
0.1595	0.04552468148312543
0.1596	0.04533159998673886
0.1597	0.0451387080854332
0.1598	0.04494600564330811
0.1599	0.04475349232098052
0.16	0.04456116766220642
0.1601	0.044369031558806685
0.1602	0.04417708368481359
0.1603	0.04398532374016348
0.1604	0.0437937514258633
0.1605	0.04360236647349889
0.1606	0.04341116856391935
0.1607	0.043220157436175466
0.1608	0.043029332778978704
0.1609	0.042838694329075375
0.161	0.04264824178131483
0.1611	0.04245797485456942
0.1612	0.04226789322846487
0.1613	0.04207799669874543
0.1614	0.041888284907342185
0.1615	0.04169875757612616
0.1616	0.0415094144571474
0.1617	0.04132025522156564
0.1618	0.041131279600753676
0.1619	0.0409424873095677
0.162	0.040753878071515155
0.1621	0.04056545159141152
0.1622	0.04037720756159478
0.1623	0.040189145765227904
0.1624	0.04000126586536687
0.1625	0.039813567578554795
0.1626	0.03962605063793125
0.1627	0.03943871475953719
0.1628	0.039251559652856705
0.1629	0.03906458507451267
0.163	0.038877790669678204
0.1631	0.038691176230289864
0.1632	0.03850474141651574
0.1633	0.03831848634515651
0.1634	0.03813240963341589
0.1635	0.03794651209901155
0.1636	0.037760793095187595
0.1637	0.03757525233676355
0.1638	0.037389889555923594
0.1639	0.03720470445917191
0.164	0.03701969679587754
0.1641	0.03683486624923494
0.1642	0.036650212563548584
0.1643	0.03646573545844999
0.1644	0.0362814346484205
0.1645	0.036097309894534205
0.1646	0.035913360871586746
0.1647	0.03572958733146868
0.1648	0.03554598897651373
0.1649	0.035362565543358225
0.165	0.035179316766958846
0.1651	0.03499624235676014
0.1652	0.034813342050826326
0.1653	0.03463061558267724
0.1654	0.0344480626602201
0.1655	0.03426568297670342
0.1656	0.03408347631583504
0.1657	0.033901442396014884
0.1658	0.03371958094239776
0.1659	0.03353789166795345
0.166	0.03335637429087823
0.1661	0.033175028592880164
0.1662	0.03299385435336661
0.1663	0.03281285100209453
0.1664	0.03263201861106102
0.1665	0.032451356746915426
0.1666	0.032270865188089616
0.1667	0.03209054368284674
0.1668	0.031910391926362525
0.1669	0.03173040963021296
0.167	0.031550596568742297
0.1671	0.031370952457983575
0.1672	0.0311914770294945
0.1673	0.03101217002500243
0.1674	0.030833031162118114
0.1675	0.030654059947680362
0.1676	0.03047525682881367
0.1677	0.030296620829004972
0.1678	0.030118151912492674
0.1679	0.02993984982533757
0.168	0.029761714277735978
0.1681	0.029583745033030143
0.1682	0.02940594186725338
0.1683	0.029228304280823132
0.1684	0.02905083249614826
0.1685	0.028873525814009853
0.1686	0.028696384107831173
0.1687	0.02851940711939311
0.1688	0.028342594598294378
0.1689	0.028165946273286405
0.169	0.027989461869087566
0.1691	0.027813141171291432
0.1692	0.027636983918046077
0.1693	0.027460989752863436
0.1694	0.02728515860575273
0.1695	0.02710948991479581
0.1696	0.02693398367667341
0.1697	0.02675863958741965
0.1698	0.026583457368580247
0.1699	0.026408436756107965
0.17	0.026233577506912
0.1701	0.026058879299570653
0.1702	0.025884342018528086
0.1703	0.02570996527957365
0.1704	0.025535748857540976
0.1705	0.02536169253819222
0.1706	0.02518779600328418
0.1707	0.025014059083630136
0.1708	0.02484048144138509
0.1709	0.024667062873960643
0.171	0.02449380312396828
0.1711	0.024320701904643607
0.1712	0.024147758976882185
0.1713	0.023974974155223226
0.1714	0.023802347115703847
0.1715	0.0236298775980624
0.1716	0.023457565382650362
0.1717	0.023285410243324044
0.1718	0.023113411868060013
0.1719	0.02294157004206733
0.172	0.022769884553673538
0.1721	0.02259835508652337
0.1722	0.022426981437387958
0.1723	0.022255763351346082
0.1724	0.022084700556027334
0.1725	0.021913792831989257
0.1726	0.021743039920593205
0.1727	0.021572441557356513
0.1728	0.021401997571766217
0.1729	0.02123170762413592
0.173	0.021061571519589407
0.1731	0.02089158900318178
0.1732	0.02072175983620726
0.1733	0.02055208375404869
0.1734	0.020382560537989626
0.1735	0.02021318994118459
0.1736	0.020043971711696928
0.1737	0.019874905612479944
0.1738	0.019705991395093436
0.1739	0.019537228821262236
0.174	0.01936861767034399
0.1741	0.019200157686389125
0.1742	0.01903184860385796
0.1743	0.018863690216513417
0.1744	0.018695682303267385
0.1745	0.018527824643781006
0.1746	0.018360116811642145
0.1747	0.018192558754529776
0.1748	0.01802515019934982
0.1749	0.01785789091351981
0.175	0.017690780694094233
0.1751	0.017523819116939874
0.1752	0.017357006180238492
0.1753	0.01719034156024349
0.1754	0.017023824954388235
0.1755	0.016857456250506695
0.1756	0.01669123514489137
0.1757	0.016525161353446515
0.1758	0.016359234680150776
0.1759	0.016193454976947796
0.176	0.016027821908065003
0.1761	0.01586233528802946
0.1762	0.01569699485260746
0.1763	0.015531800406350035
0.1764	0.015366751657726465
0.1765	0.01520184847073626
0.1766	0.015037090797293392
0.1767	0.014872477668748002
0.1768	0.014708009364176978
0.1769	0.014543686130649913
0.177	0.01437950701789808
0.1771	0.014215471954894702
0.1772	0.014051580907955693
0.1773	0.013887833460862406
0.1774	0.013724229506972104
0.1775	0.013560768771300467
0.1776	0.013397451028525372
0.1777	0.013234276001885415
0.1778	0.013071243546595616
0.1779	0.012908353378140329
0.178	0.012745605328810259
0.1781	0.012582999143883594
0.1782	0.012420534577038213
0.1783	0.01225821140086833
0.1784	0.012096029469136047
0.1785	0.011933988482132112
0.1786	0.011772088229608428
0.1787	0.011610328501307792
0.1788	0.011448709075698447
0.1789	0.011287229740130253
0.179	0.011125890315156416
0.1791	0.010964690398675833
0.1792	0.010803630067568529
0.1793	0.010642708696090804
0.1794	0.010481926444265915
0.1795	0.01032128290512722
0.1796	0.010160777953991115
0.1797	0.0100004112709482
0.1798	0.009840182669681449
0.1799	0.009680092012505703
0.18	0.009520139014018212
0.1801	0.009360323353602647
0.1802	0.009200645100526579
0.1803	0.009041103771581809
0.1804	0.008881699205601326
0.1805	0.008722431274812934
0.1806	0.008563299695051225
0.1807	0.00840430425569033
0.1808	0.008245444778022696
0.1809	0.008086720996612997
0.181	0.007928132669722318
0.1811	0.007769679773315966
0.1812	0.007611361903345973
0.1813	0.007453178903954531
0.1814	0.007295130533435303
0.1815	0.007137216638341482
0.1816	0.006979436947137719
0.1817	0.006821791318803812
0.1818	0.006664280332577657
0.1819	0.006506901341766408
0.182	0.006349656433214616
0.1821	0.006192544799123703
0.1822	0.006035566118197186
0.1823	0.005878720221166983
0.1824	0.005722006869441895
0.1825	0.005565425869550335
0.1826	0.005408977200434222
0.1827	0.005252660091714379
0.1828	0.0050964749103347105
0.1829	0.004940421218355364
0.183	0.004784498827942973
0.1831	0.004628707652347529
0.1832	0.004473047303627678
0.1833	0.004317517752964875
0.1834	0.004162118515640229
0.1835	0.0040068496562333696
0.1836	0.0038517109095173754
0.1837	0.0036967020223119605
0.1838	0.003541823178560479
0.1839	0.0033870730978898984
0.184	0.0032324526464239454
0.1841	0.0030779612730261604
0.1842	0.0029235988856829223
0.1843	0.002769364919792466
0.1844	0.0026152595985090184
0.1845	0.002461282475949885
0.1846	0.0023074333950921727
0.1847	0.002153712277888607
0.1848	0.0020001188691293314
0.1849	0.0018466527528327764
0.185	0.0016933139620124054
0.1851	0.0015401023120419153
0.1852	0.0013870175116609642
0.1853	0.001234059389775465
0.1854	0.00108122771545099
0.1855	0.0009285223221289023
0.1856	0.0007759431150587546
0.1857	0.0006234897402229238
0.1858	0.00047116202835106066
0.1859	0.0003189597253157529
0.186	0.00016688296102288663
0.1861	1.4931142816966337e-5
0.1862	-0.00013689571913032028
0.1863	-0.00028859787098355224
0.1864	-0.00044017547220339206
0.1865	-0.0005916287314825044
0.1866	-0.000742957850507518
0.1867	-0.0008941630491356703
0.1868	-0.001045244525866291
0.1869	-0.0011962024146454312
0.187	-0.0013470367684729047
0.1871	-0.001497748219464447
0.1872	-0.0016483365857494303
0.1873	-0.0017988021016501756
0.1874	-0.0019491450219380063
0.1875	-0.0020993655172123252
0.1876	-0.002249463779538124
0.1877	-0.0023994400394867603
0.1878	-0.0025492943779283966
0.1879	-0.002699027163408186
0.188	-0.0028486383468832284
0.1881	-0.0029981282991656034
0.1882	-0.003147497096528094
0.1883	-0.0032967450505916296
0.1884	-0.0034458722996278317
0.1885	-0.0035948789409959384
0.1886	-0.003743765230125264
0.1887	-0.0038925313494832577
0.1888	-0.0040411775696196466
0.1889	-0.004189703908950414
0.189	-0.004338110624844823
0.1891	-0.004486397902403937
0.1892	-0.004634566002596858
0.1893	-0.004782614950718353
0.1894	-0.00493054504472468
0.1895	-0.0050783564277159
0.1896	-0.005226049369812459
0.1897	-0.0053736239576469965
0.1898	-0.005521080220657957
0.1899	-0.0056684189308566476
0.19	-0.005815639503053768
0.1901	-0.005962742647419606
0.1902	-0.0061097281367716175
0.1903	-0.006256596558114959
0.1904	-0.00640334788812936
0.1905	-0.006549982307787977
0.1906	-0.006696500026613228
0.1907	-0.006842901144179133
0.1908	-0.006989185980642257
0.1909	-0.0071353546971046275
0.191	-0.007281407329779173
0.1911	-0.007427344149417196
0.1912	-0.007573165391171973
0.1913	-0.007718871136354062
0.1914	-0.007864461609819077
0.1915	-0.008009936928550846
0.1916	-0.008155297402999835
0.1917	-0.00830054300911177
0.1918	-0.008445674055888345
0.1919	-0.008590690749487338
0.192	-0.00873559311306202
0.1921	-0.00888038146625566
0.1922	-0.00902505589205463
0.1923	-0.009169616633703425
0.1924	-0.00931406381279566
0.1925	-0.009458397628997839
0.1926	-0.009602618364710476
0.1927	-0.009746725969282787
0.1928	-0.009890720752449893
0.1929	-0.01003460278400742
0.193	-0.010178372411123522
0.1931	-0.010322029674542071
0.1932	-0.010465573283845689
0.1933	-0.010609007727354597
0.1934	-0.01075232885130206
0.1935	-0.010895538636449986
0.1936	-0.01103863676258177
0.1937	-0.011181623504750111
0.1938	-0.011324499334398679
0.1939	-0.01146726366362186
0.194	-0.011609917665769017
0.1941	-0.01175246076630552
0.1942	-0.011894893569968493
0.1943	-0.012037215953387371
0.1944	-0.01217942817559271
0.1945	-0.012321530448542076
0.1946	-0.012463522896375642
0.1947	-0.012605405735159945
0.1948	-0.012747179072049492
0.1949	-0.012888843090064588
0.195	-0.013030397921524668
0.1951	-0.013171843818474551
0.1952	-0.013313180867809181
0.1953	-0.013454409265317269
0.1954	-0.01359552917225684
0.1955	-0.013736540717759406
0.1956	-0.013877444191262463
0.1957	-0.0140182394614812
0.1958	-0.014158927182820209
0.1959	-0.014299507029086497
0.196	-0.014439979394005936
0.1961	-0.014580344322404314
0.1962	-0.014720602195099733
0.1963	-0.014860752809063151
0.1964	-0.01500079680581054
0.1965	-0.015140734012437231
0.1966	-0.015280564655860668
0.1967	-0.0154202868290932
0.1968	-0.015559906862086394
0.1969	-0.015699418801980548
0.197	-0.015838824731073273
0.1971	-0.015978125035781537
0.1972	-0.016117319862258162
0.1973	-0.016256408863285807
0.1974	-0.01639539280509146
0.1975	-0.016534271645976602
0.1976	-0.01667304589698762
0.1977	-0.016811714407661715
0.1978	-0.016950278772129932
0.1979	-0.01708873857123048
0.198	-0.017227094145680293
0.1981	-0.017365345442498535
0.1982	-0.017503492920850492
0.1983	-0.01764153615632806
0.1984	-0.01777947575511175
0.1985	-0.01791731193595849
0.1986	-0.018055044621027846
0.1987	-0.018192674024965706
0.1988	-0.018330200335195466
0.1989	-0.018467623652478383
0.199	-0.0186049441212727
0.1991	-0.018742162222541797
0.1992	-0.018879277561244294
0.1993	-0.01901629062283377
0.1994	-0.01915320151413937
0.1995	-0.01929001035527445
0.1996	-0.019426717285982373
0.1997	-0.0195633224290609
0.1998	-0.019699826153173863
0.1999	-0.019836228303156206
0.2	-0.019972529075999185
