0.02	-0.09328524433428687
0.0201	-0.09328575612992737
0.0202	-0.09328619956640105
0.0203	-0.093286574137966
0.0204	-0.09328687933248003
0.0205	-0.09328711463145832
0.0206	-0.09328727951018229
0.0207	-0.09328737343772975
0.0208	-0.09328739587704274
0.0209	-0.09328734628498354
0.021	-0.0932872241123865
0.0211	-0.093287028804244
0.0212	-0.09328675979943143
0.0213	-0.09328641653108101
0.0214	-0.09328599842644074
0.0215	-0.09328550490701243
0.0216	-0.09328493538847098
0.0217	-0.09328428928076812
0.0218	-0.09328356598821001
0.0219	-0.09328276490930626
0.022	-0.0932818854369665
0.0221	-0.09328092695854101
0.0222	-0.09327988885563077
0.0223	-0.09327877050425262
0.0224	-0.09327757127486383
0.0225	-0.09327629053233419
0.0226	-0.09327492763590711
0.0227	-0.09327348193928851
0.0228	-0.09327195279058216
0.0229	-0.09327033953234651
0.023	-0.09326864150152472
0.0231	-0.09326685802949487
0.0232	-0.09326498844208767
0.0233	-0.09326303205949556
0.0234	-0.09326098819628728
0.0235	-0.09325885616150412
0.0236	-0.09325663525847433
0.0237	-0.09325432478488652
0.0238	-0.09325192403280755
0.0239	-0.0932494322886006
0.024	-0.09324684883292672
0.0241	-0.09324417294074758
0.0242	-0.09324140388127065
0.0243	-0.09323854091782219
0.0244	-0.09323558330810974
0.0245	-0.09323253030386114
0.0246	-0.09322938115103567
0.0247	-0.09322613508964987
0.0248	-0.09322279135372445
0.0249	-0.09321934917154934
0.025	-0.09321580776520684
0.0251	-0.0932121663506926
0.0252	-0.09320842413812705
0.0253	-0.09320458033133752
0.0254	-0.09320063412813068
0.0255	-0.09319658472000233
0.0256	-0.0931924312921995
0.0257	-0.09318817302377272
0.0258	-0.09318380908723284
0.0259	-0.09317933864892429
0.026	-0.09317476086855114
0.0261	-0.09317007489944351
0.0262	-0.09316527988824307
0.0263	-0.09316037497514314
0.0264	-0.09315535929351201
0.0265	-0.09315023197018103
0.0266	-0.09314499212502429
0.0267	-0.09313963887111285
0.0268	-0.09313417131463893
0.0269	-0.09312858855483983
0.027	-0.0931228896839133
0.0271	-0.09311707378691865
0.0272	-0.09311113994180463
0.0273	-0.09310508721930387
0.0274	-0.09309891468280775
0.0275	-0.09309262138831625
0.0276	-0.09308620638443799
0.0277	-0.0930796687123276
0.0278	-0.0930730074053544
0.0279	-0.09306622148951318
0.028	-0.09305930998273276
0.0281	-0.09305227189551507
0.0282	-0.09304510623019265
0.0283	-0.09303781198122198
0.0284	-0.09303038813502043
0.0285	-0.09302283366993304
0.0286	-0.09301514755601173
0.0287	-0.09300732875511095
0.0288	-0.0929993762205867
0.0289	-0.09299128889754217
0.029	-0.0929830657223785
0.0291	-0.0929747056230256
0.0292	-0.09296620751852047
0.0293	-0.09295757031930829
0.0294	-0.09294879292684312
0.0295	-0.09293987423364064
0.0296	-0.09293081312317514
0.0297	-0.09292160846974783
0.0298	-0.092912259138474
0.0299	-0.09290276398516316
0.03	-0.09289312185614668
0.0301	-0.09288333158835647
0.0302	-0.09287339200898277
0.0303	-0.09286330193571551
0.0304	-0.0928530601763329
0.0305	-0.09284266552883612
0.0306	-0.09283211678122531
0.0307	-0.09282141271140527
0.0308	-0.09281055208732276
0.0309	-0.0927995336663846
0.031	-0.09278835619609443
0.0311	-0.09277701841317354
0.0312	-0.09276551904393533
0.0313	-0.0927538568042973
0.0314	-0.09274203039924461
0.0315	-0.09273003852309745
0.0316	-0.092717879859317
0.0317	-0.092705553080369
0.0318	-0.0926930568478118
0.0319	-0.09268038981172949
0.032	-0.09266755061159054
0.0321	-0.09265453787500821
0.0322	-0.09264135021845993
0.0323	-0.09262798624705507
0.0324	-0.09261444455418638
0.0325	-0.09260072372176348
0.0326	-0.09258682231994829
0.0327	-0.09257273890710085
0.0328	-0.09255847202984513
0.0329	-0.09254402022293726
0.033	-0.09252938200898676
0.0331	-0.0925145558986664
0.0332	-0.09249954039068974
0.0333	-0.0924843339714397
0.0334	-0.0924689351151166
0.0335	-0.0924533422838348
0.0336	-0.09243755392724709
0.0337	-0.09242156848264402
0.0338	-0.09240538437509786
0.0339	-0.09238900001721716
0.034	-0.09237241380909102
0.0341	-0.09235562413845233
0.0342	-0.0923386293805786
0.0343	-0.09232142789817319
0.0344	-0.092304018041521
0.0345	-0.09228639814835175
0.0346	-0.09226856654406841
0.0347	-0.09225052154147897
0.0348	-0.0922322614412108
0.0349	-0.09221378453107906
0.035	-0.09219508908700808
0.0351	-0.0921761733722762
0.0352	-0.09215703563829405
0.0353	-0.09213767412387311
0.0354	-0.09211808705625385
0.0355	-0.09209827265041415
0.0356	-0.09207822910954974
0.0357	-0.09205795462504823
0.0358	-0.09203744737679051
0.0359	-0.09201670553331864
0.036	-0.09199572725170865
0.0361	-0.09197451067807984
0.0362	-0.09195305394765724
0.0363	-0.09193135518481513
0.0364	-0.09190941250387817
0.0365	-0.09188722400859202
0.0366	-0.09186478779304544
0.0367	-0.09184210194184493
0.0368	-0.09181916452969771
0.0369	-0.09179597362330016
0.037	-0.09177252728029447
0.0371	-0.09174882355003847
0.0372	-0.09172486047452848
0.0373	-0.0917006360882295
0.0374	-0.0916761484188866
0.0375	-0.09165139548814356
0.0376	-0.0916263753115571
0.0377	-0.09160108590001824
0.0378	-0.09157552525955284
0.0379	-0.09154969139268625
0.038	-0.09152358229841713
0.0381	-0.09149719597369493
0.0382	-0.09147053041366357
0.0383	-0.09144358361280595
0.0384	-0.09141635356569006
0.0385	-0.09138883826807469
0.0386	-0.09136103571758959
0.0387	-0.09133294391494183
0.0388	-0.0913045608654241
0.0389	-0.0912758845792199
0.039	-0.09124691307342689
0.0391	-0.091217644373006
0.0392	-0.0911880765120548
0.0393	-0.09115820753552024
0.0394	-0.09112803550051451
0.0395	-0.09109755847786188
0.0396	-0.09106677455416567
0.0397	-0.09103568183324767
0.0398	-0.09100427843783562
0.0399	-0.09097256251191338
0.04	-0.09094053222253347
0.0401	-0.09090818576196091
0.0402	-0.0908755213503535
0.0403	-0.09084253723730819
0.0404	-0.09080923170503118
0.0405	-0.09077560307100586
0.0406	-0.09074164969010313
0.0407	-0.0907073699579431
0.0408	-0.09067276231361854
0.0409	-0.09063782524336067
0.041	-0.09060255728335223
0.0411	-0.09056695702290066
0.0412	-0.09053102310896854
0.0413	-0.09049475424908678
0.0414	-0.09045814921537039
0.0415	-0.09042120684970893
0.0416	-0.09038392606638837
0.0417	-0.09034630585784935
0.0418	-0.09030834529894635
0.0419	-0.0902700435517634
0.042	-0.09023139987074841
0.0421	-0.09019241360811966
0.0422	-0.09015308421957559
0.0423	-0.09011341126972996
0.0424	-0.0900733944382952
0.0425	-0.0900330335260359
0.0426	-0.08999232846179575
0.0427	-0.08995127930899471
0.0428	-0.08990988627248475
0.0429	-0.08986814970610058
0.043	-0.08982607011998588
0.0431	-0.08978364818863634
0.0432	-0.08974088475868307
0.0433	-0.08969778085794514
0.0434	-0.08965433770357982
0.0435	-0.08961055671083717
0.0436	-0.08956643950288873
0.0437	-0.08952198792124667
0.0438	-0.0894772040326769
0.0439	-0.08943209014312004
0.044	-0.08938664880566756
0.0441	-0.08934088283175262
0.0442	-0.08929479530311182
0.0443	-0.08924838958239659
0.0444	-0.08920166932508349
0.0445	-2.907430041012948e-5
0.0446	-7.177066817865035e-5
0.0447	-0.00011339713215080279
0.0448	-0.0001538953189677438
0.0449	-0.0001932044151208441
0.045	-0.00023126101006082342
0.0451	-0.0002679989212603515
0.0452	-0.0003033490033514233
0.0453	-0.0003372389563972638
0.0454	-0.0003695930887648442
0.0455	-0.0004003320805166171
0.0456	-0.000429372710823972
0.0457	-0.0004566275628278836
0.0458	-0.00048200470327765363
0.0459	-0.0005054073265148626
0.046	-0.0005267333448399582
0.0461	-0.000545874974950924
0.0462	-0.0005627182402673373
0.0463	-0.0005771424315956521
0.0464	-0.000589019513483972
0.0465	-0.0005982134438653657
0.0466	-0.0006045794305924095
0.0467	-0.0006079630789729487
0.0468	-0.000608199432044844
0.0469	-0.0006051119024030644
0.047	-0.0005985110241452929
0.0471	-0.0005881930552383835
0.0472	-0.0005739383708014417
0.0473	-0.0005555096001075284
0.0474	-0.0005326495044074752
0.0475	-0.0005050784752699731
0.0476	-0.0004724916317379592
0.0477	-0.00043455543165681466
0.0478	-0.00039090366107313526
0.0479	-0.00034113267294509436
0.048	-0.0002847957429515034
0.0481	-0.00022139629744196955
0.0482	-0.0001503797805414103
0.0483	-7.112383035019732e-5
0.0484	-0.08716662085356788
0.0485	-0.08711542815248052
0.0486	-0.0870644914013566
0.0487	-0.087013835739905
0.0488	-0.08696348669346517
0.0489	-0.08691347013983042
0.049	-0.08686381226966577
0.0491	-0.08681453954616088
0.0492	-0.08676567866179413
0.0493	-0.08671725649147193
0.0494	-0.08666930004566029
0.0495	-0.08662183641770185
0.0496	-0.08657489273262485
0.0497	-0.08652849609151844
0.0498	-0.0864826735156686
0.0499	-0.08643745188894401
0.05	-0.00021160709424008052
0.0501	-0.00133032644586534
0.0502	-0.0023673326716093807
0.0503	-0.003334645332913482
0.0504	-0.0042452282815585145
0.0505	-0.005109388801403764
0.0506	-0.0059349852723686
0.0507	-0.006728034440615989
0.0508	-0.007493213333321055
0.0509	-0.008234220299596435
0.051	-0.008954028049318
0.0511	-0.009655061854169438
0.0512	-0.01033932687137397
0.0513	-0.011008500551387808
0.0514	-0.01166400099524796
0.0515	-0.012307038234457774
0.0516	-0.012938653374556248
0.0517	-0.013559748773117764
0.0518	-0.014171111780278134
0.0519	-0.014773433464030972
0.052	-0.015367323644198901
0.0521	-0.01595332302560713
0.0522	-0.016531913107364907
0.0523	-0.017103524307692745
0.0524	-0.017668542739936847
0.0525	-0.018227315815067452
0.0526	-0.018780156969801516
0.0527	-0.019327349657596922
0.0528	-0.019869150718863134
0.0529	-0.020405793283436096
0.053	-0.020937489222186027
0.0531	-0.02146443128549239
0.0532	-0.021986794934267015
0.0533	-0.02250473992613976
0.0534	-0.023018411721172114
0.0535	-0.023527942671404383
0.0536	-0.02403345308181148
0.0537	-0.02453505216606934
0.0538	-0.025032838836858348
0.0539	-0.025526902472699838
0.054	-0.02601732352480022
0.0541	-0.026504174147051127
0.0542	-0.026987518679908968
0.0543	-0.027467414134763758
0.0544	-0.02794391062445864
0.0545	-0.028417051749819962
0.0546	-0.0288868749589106
0.0547	-0.029353411882002498
0.0548	-0.029816688641693297
0.0549	-0.030276726140489423
0.055	-0.030733540332949595
0.0551	-0.03118714249889633
0.0552	-0.031637539487982154
0.0553	-0.032084733958280875
0.0554	-0.0325287246228472
0.0555	-0.032969506470908516
0.0556	-0.03340707099582564
0.0557	-0.03384140642532844
0.0558	-0.034272497919023974
0.0559	-0.034700327815838414
0.056	-0.035124875824841806
0.0561	-0.03554611925380752
0.0562	-0.0359640332027548
0.0563	-0.03637859079355175
0.0564	-0.03678976336073205
0.0565	-0.03719752066918684
0.0566	-0.03760183109820668
0.0567	-0.03800266186266947
0.0568	-0.03839997917924472
0.0569	-0.0387937484817811
0.057	-0.039183934593296346
0.0571	-0.03957050190684236
0.0572	-0.039953414556017364
0.0573	-0.040332636593499366
0.0574	-0.04070813213584895
0.0575	-0.04107986553025717
0.0576	-0.04144780149253435
0.0577	-0.04181190525155407
0.0578	-0.04217214267334291
0.0579	-0.04252848038838155
0.058	-0.042880885908548806
0.0581	-0.043229327724220404
0.0582	-0.04357377541147163
0.0583	-0.043914199734136704
0.0584	-0.044250572699862725
0.0585	-0.04458286765711078
0.0586	-0.04491105936198768
0.0587	-0.04523512403437464
0.0588	-0.045555039415087754
0.0589	-0.04587078481703866
0.059	-0.04618234116811437
0.0591	-0.046489691049741225
0.0592	-0.04679281870643864
0.0593	-0.0470917101042341
0.0594	-0.04738635293072505
0.0595	-0.04767673661179392
0.0596	-0.04796285231820779
0.0597	-0.04824469297849108
0.0598	-0.04852225327546333
0.0599	-0.04879552963762388
0.06	-0.04906452023482186
0.0601	-0.04932922496908476
0.0602	-0.04958964544239568
0.0603	-0.049845784962121435
0.0604	-0.0500976484900565
0.0605	-0.050345242629634794
0.0606	-0.05058857559171251
0.0607	-0.05082765716461364
0.0608	-0.05106249866678213
0.0609	-0.05129311291463524
0.061	-0.0515195141883172
0.0611	-0.0517417181734995
0.0612	-0.05195974192305879
0.0613	-0.05217360381130103
0.0614	-0.0523833234770309
0.0615	-0.05258892178838738
0.0616	-0.052790420775467084
0.0617	-0.05298784359291305
0.0618	-0.05318121446487582
0.0619	-0.053370558626550726
0.062	-0.05355590227850516
0.0621	-0.05373727253927325
0.0622	-0.05391469738589571
0.0623	-0.054088205613262816
0.0624	-0.05425782677354305
0.0625	-0.05442359114254797
0.0626	-0.05458552965646325
0.0627	-0.054743673882173924
0.0628	-0.05489805595859715
0.0629	-0.05504870856905076
0.063	-0.055195664879033976
0.0631	-0.05533895851381878
0.0632	-0.05547862350668616
0.0633	-0.05561469427770708
0.0634	-0.05574720557666891
0.0635	-0.055876192459961366
0.0636	-0.056001690263965086
0.0637	-0.05612373455768739
0.0638	-0.05624236112035157
0.0639	-0.056357605918636755
0.064	-0.05646950506184586
0.0641	-0.056578094793703765
0.0642	-0.05668341144934807
0.0643	-0.05678549145117479
0.0644	-0.056884371258224015
0.0645	-0.05698008737118606
0.0646	-0.0570726762962023
0.0647	-0.05716217452356474
0.0648	-0.057248618510919454
0.0649	-0.057332044667966195
0.065	-0.0574124893334425
0.0651	-0.0574899887577612
0.0652	-0.05756457909459862
0.0653	-0.05763629636840799
0.0654	-0.05770517647614849
0.0655	-0.057771255165364334
0.0656	-0.05783456801655522
0.0657	-0.057895150440565216
0.0658	-0.05795303765459086
0.0659	-0.058008264676059206
0.066	-0.05806086631268397
0.0661	-0.05811087714269883
0.0662	-0.0581583315179864
0.0663	-0.058203263540411276
0.0664	-0.05824570706517317
0.0665	-0.05828569568019802
0.0666	-0.05832326270432517
0.0667	-0.058358441180571784
0.0668	-0.05839126386624542
0.0669	-0.05842176322470029
0.067	-0.05844997142239904
0.0671	-0.05847592032252058
0.0672	-0.05849964146817298
0.0673	-0.05852116610686422
0.0674	-0.05854052515073025
0.0675	-0.05855774919601235
0.0676	-0.05857286850640883
0.0677	-0.05858591301945609
0.0678	-0.05859691234060576
0.0679	-0.05860589573057781
0.068	-0.0586128921211333
0.0681	-0.058617930101200005
0.0682	-0.05862103791671959
0.0683	-0.05862224347180153
0.0684	-0.058621574325446034
0.0685	-0.05861905769692921
0.0686	-0.05861472046170613
0.0687	-0.05860858914464023
0.0688	-0.058600689931264646
0.0689	-0.05859104866898015
0.069	-0.0585796908530983
0.0691	-0.058566641642585196
0.0692	-0.05855192585734321
0.0693	-0.058535567981631904
0.0694	-0.05851759215589502
0.0695	-0.05849802219129689
0.0696	-0.05847688156433697
0.0697	-0.05845419342312003
0.0698	-0.0584299805877428
0.0699	-0.05840426554518317
0.07	-0.0583770704733495
0.0701	-0.058348417216787615
0.0702	-0.058318327311556714
0.0703	-0.058286821975323734
0.0704	-0.05825392211555119
0.0705	-0.05821964833111906
0.0706	-0.058184020918007145
0.0707	-0.058147059866135775
0.0708	-0.05810878487337437
0.0709	-0.05806921533756729
0.071	-0.05802837036930043
0.0711	-0.057986268784321504
0.0712	-0.05794292912506709
0.0713	-0.057898369643819086
0.0714	-0.05785260831920011
0.0715	-0.0578056628542522
0.0716	-0.05775755068421897
0.0717	-0.05770828897774378
0.0718	-0.05765789463801318
0.0719	-0.05760638431110138
0.072	-0.05755377438820596
0.0721	-0.05750008100710032
0.0722	-0.057445320059355785
0.0723	-0.05738950718484105
0.0724	-0.05733265779194156
0.0725	-0.05727478704089027
0.0726	-0.057215909868379634
0.0727	-0.05715604097075743
0.0728	-0.05709519482855991
0.0729	-0.05703338568502799
0.073	-0.05697062757057925
0.0731	-0.05690693429795153
0.0732	-0.05684231946676893
0.0733	-0.05677679646290229
0.0734	-0.05671037847363408
0.0735	-0.056643078469747976
0.0736	-0.056574909231839686
0.0737	-0.056505883337805464
0.0738	-0.05643601317620928
0.0739	-0.056365310937659154
0.074	-0.05629378863163979
0.0741	-0.05622145807762928
0.0742	-0.05614833091473914
0.0743	-0.056074418607072615
0.0744	-0.05599973243274571
0.0745	-0.05592428350655507
0.0746	-0.05584808276917375
0.0747	-0.0557711409910706
0.0748	-0.05569346878269783
0.0749	-0.05561507658723021
0.075	-0.05553597469322466
0.0751	-0.055456173227777246
0.0752	-0.05537568216764169
0.0753	-0.05529451133714628
0.0754	-0.05521267040417429
0.0755	-0.05513016890382305
0.0756	-0.05504701621431618
0.0757	-0.054963221577184335
0.0758	-0.054878794095983674
0.0759	-0.054793742732205726
0.076	-0.054708076315635075
0.0761	-0.054621803544423295
0.0762	-0.0545349329807935
0.0763	-0.05444747306505789
0.0764	-0.05435943210794117
0.0765	-0.054270818294758744
0.0766	-0.0541816396941574
0.0767	-0.054091904247088325
0.0768	-0.054001619781983624
0.0769	-0.05391079401210844
0.077	-0.05381943453158175
0.0771	-0.053727548822973425
0.0772	-0.05363514426253485
0.0773	-0.05354222811578903
0.0774	-0.053448807541294496
0.0775	-0.05335488959172409
0.0776	-0.05326048121750719
0.0777	-0.05316558926882546
0.0778	-0.05307022048942022
0.0779	-0.0529743815360334
0.078	-0.052878078960184
0.0781	-0.05278131921929337
0.0782	-0.0526841086792263
0.0783	-0.05258645361395569
0.0784	-0.05248836020733556
0.0785	-0.052389834550952544
0.0786	-0.05229088265416712
0.0787	-0.05219151043286566
0.0788	-0.05209172372803682
0.0789	-0.051991528288769476
0.079	-0.05189092978658136
0.0791	-0.051789933809625426
0.0792	-0.051688545871404784
0.0793	-0.05158677140147846
0.0794	-0.051484615756226225
0.0795	-0.051382084219262436
0.0796	-0.05127918199111479
0.0797	-0.0511759142085388
0.0798	-0.051072285930120996
0.0799	-0.05096830214897337
0.08	-0.05086396778185589
0.0801	-0.050759287681962646
0.0802	-0.05065426663496082
0.0803	-0.050548909360298044
0.0804	-0.05044322050698445
0.0805	-0.05033720466791987
0.0806	-0.050230866365492136
0.0807	-0.050124210063604735
0.0808	-0.05001724016515132
0.0809	-0.04990996101076443
0.081	-0.049802376883722736
0.0811	-0.04969449200734364
0.0812	-0.04958631054714126
0.0813	-0.049477836615451416
0.0814	-0.04936907426402905
0.0815	-0.04926002749407416
0.0816	-0.04915070025009734
0.0817	-0.04904109642424188
0.0818	-0.04893121985768873
0.0819	-0.04882107433765042
0.082	-0.04871066360301654
0.0821	-0.04859999133955906
0.0822	-0.048489061187715
0.0823	-0.048377876737867316
0.0824	-0.048266441532595544
0.0825	-0.048154759067492524
0.0826	-0.04804283279217746
0.0827	-0.04793066611258412
0.0828	-0.04781826238426586
0.0829	-0.04770562492508602
0.083	-0.047592757005719674
0.0831	-0.04747966185750728
0.0832	-0.047366342663512875
0.0833	-0.04725280257333013
0.0834	-0.04713904468882929
0.0835	-0.04702507207417012
0.0836	-0.04691088775447042
0.0837	-0.04679649471577402
0.0838	-0.04668189590452723
0.0839	-0.04656709423099316
0.084	-0.046452092563660105
0.0841	-0.04633689374267562
0.0842	-0.04622150056177693
0.0843	-0.046105915788152235
0.0844	-0.04599014214572281
0.0845	-0.04587418233179694
0.0846	-0.04575803900173794
0.0847	-0.045641714784561624
0.0848	-0.04552521226937359
0.0849	-0.04540853401644089
0.085	-0.04529168255747866
0.0851	-0.04517466038118193
0.0852	-0.04505746995717975
0.0853	-0.0449401137168297
0.0854	-0.0448225940630092
0.0855	-0.044704913370042135
0.0856	-0.04458707398310033
0.0857	-0.044469078215204405
0.0858	-0.04435092835173558
0.0859	-0.04423262665232783
0.086	-0.04411417534632675
0.0861	-0.043995576635826046
0.0862	-0.0438768326967173
0.0863	-0.04375794567847605
0.0864	-0.04363891770341827
0.0865	-0.04351975086676044
0.0866	-0.04340044724159074
0.0867	-0.04328100887308715
0.0868	-0.04316143778232302
0.0869	-0.043041735965469924
0.087	-0.042921905394822144
0.0871	-0.04280194802014724
0.0872	-0.04268186576506402
0.0873	-0.042561660532385755
0.0874	-0.0424413342017725
0.0875	-0.04232088862881152
0.0876	-0.04220032564996311
0.0877	-0.04207964707437763
0.0878	-0.041958854694828365
0.0879	-0.0418379502825899
0.088	-0.04171693558386008
0.0881	-0.04159581232756149
0.0882	-0.04147458222041273
0.0883	-0.041353246951281696
0.0884	-0.04123180818560329
0.0885	-0.04111026757351602
0.0886	-0.04098862674065797
0.0887	-0.04086688729788507
0.0888	-0.040745050836414734
0.0889	-0.0406231189285714
0.089	-0.04050109312742475
0.0891	-0.040378974966473316
0.0892	-0.040256765964329304
0.0893	-0.04013446762329536
0.0894	-0.04001208142518372
0.0895	-0.03988960883374443
0.0896	-0.039767051299790794
0.0897	-0.03964441025407655
0.0898	-0.03952168711408538
0.0899	-0.039398883275814714
0.09	-0.03927600012545201
0.0901	-0.03915303902850654
0.0902	-0.039030001338166906
0.0903	-0.038906888390349254
0.0904	-0.038783701505806255
0.0905	-0.03866044199067084
0.0906	-0.03853711113756376
0.0907	-0.03841371022205336
0.0908	-0.03829024050645076
0.0909	-0.03816670323929231
0.091	-0.03804309965440989
0.0911	-0.03791943097108226
0.0912	-0.03779569839655636
0.0913	-0.03767190312347689
0.0914	-0.03754804633159413
0.0915	-0.0374241291874025
0.0916	-0.03730015284276043
0.0917	-0.037176118439247605
0.0918	-0.03705202710403267
0.0919	-0.036927879951551876
0.092	-0.036803678086648015
0.0921	-0.036679422599381326
0.0922	-0.03655511456780715
0.0923	-0.036430755057238265
0.0924	-0.03630634512401116
0.0925	-0.036181885810846325
0.0926	-0.03605737815036931
0.0927	-0.03593282316189334
0.0928	-0.03580822185465264
0.0929	-0.03568357522794594
0.093	-0.03555888426746973
0.0931	-0.035434149950643645
0.0932	-0.035309373244042264
0.0933	-0.035184555101177316
0.0934	-0.03505969646807919
0.0935	-0.0349347982788705
0.0936	-0.034809861459040393
0.0937	-0.03468488692245987
0.0938	-0.03455987557373219
0.0939	-0.034434828308059676
0.094	-0.034309746010219466
0.0941	-0.034184629555981255
0.0942	-0.03405947981166829
0.0943	-0.0339342976363389
0.0944	-0.033809083874656906
0.0945	-0.03368383936525525
0.0946	-0.03355856493909774
0.0947	-0.03343326141956694
0.0948	-0.03330792961409133
0.0949	-0.03318257032937946
0.095	-0.0330571843590415
0.0951	-0.03293177248952458
0.0952	-0.03280633549884619
0.0953	-0.03268087415891587
0.0954	-0.03255538922846074
0.0955	-0.03242988146307242
0.0956	-0.03230435160727728
0.0957	-0.03217880039989098
0.0958	-0.0320532285704814
0.0959	-0.03192763684135382
0.096	-0.03180202592701692
0.0961	-0.03167639653511912
0.0962	-0.03155074936577441
0.0963	-0.03142508511153717
0.0964	-0.03129940445685407
0.0965	-0.0311737080799308
0.0966	-0.03104799665409724
0.0967	-0.030922270839573645
0.0968	-0.030796531296615488
0.0969	-0.03067077867372791
0.097	-0.030545013614748897
0.0971	-0.03041923675755826
0.0972	-0.0302934487313841
0.0973	-0.03016765015951949
0.0974	-0.03004184165983581
0.0975	-0.029916023843012056
0.0976	-0.029790197314352205
0.0977	-0.029664362671155024
0.0978	-0.029538520505798232
0.0979	-0.029412671404926722
0.098	-0.02928681594731635
0.0981	-0.029160954708461355
0.0982	-0.029035088255316803
0.0983	-0.02890921715118294
0.0984	-0.02878334195126566
0.0985	-0.02865746320847269
0.0986	-0.028531581465909027
0.0987	-0.028405697263688082
0.0988	-0.028279811137443364
0.0989	-0.028153923613816263
0.099	-0.028028035217900895
0.0991	-0.027902146466346728
0.0992	-0.027776257872854367
0.0993	-0.0276503699433113
0.0994	-0.02752448318204568
0.0995	-0.027398598084769916
0.0996	-0.02727271514415116
0.0997	-0.027146834847998784
0.0998	-0.027020957677046015
0.0999	-0.02689508411052969
0.1	-0.026769214619944262
0.1001	-0.026643349672391084
0.1002	-0.026517489732669354
0.1003	-0.026391635257848375
0.1004	-0.026265786702229038
0.1005	-0.026139944514262988
0.1006	-0.0260141091402459
0.1007	-0.02588828101783154
0.1008	-0.025762460585063394
0.1009	-0.025636648272674287
0.101	-0.02551084450700094
0.1011	-0.02538504971184956
0.1012	-0.025259264304751658
0.1013	-0.02513348870144521
0.1014	-0.025007723309379625
0.1015	-0.024881968537819685
0.1016	-0.024756224787082615
0.1017	-0.024630492454987964
0.1018	-0.024504771936601676
0.1019	-0.024379063621763432
0.102	-0.02425336789635104
0.1021	-0.024127685141989045
0.1022	-0.024002015738218415
0.1023	-0.02387636006016495
0.1024	-0.023750718477090017
0.1025	-0.023625091358889065
0.1026	-0.023499479066785702
0.1027	-0.023373881961399962
0.1028	-0.023248300400207682
0.1029	-0.023122734735779204
0.103	-0.022997185317197834
0.1031	-0.02287165249064405
0.1032	-0.02274613659876044
0.1033	-0.022620637980802164
0.1034	-0.022495156971702325
0.1035	-0.02236969390464337
0.1036	-0.022244249107976816
0.1037	-0.02211882290970062
0.1038	-0.021993415629279083
0.1039	-0.021868027589500277
0.104	-0.021742659103583674
0.1041	-0.021617310487555677
0.1042	-0.021491982049201087
0.1043	-0.02136667409687654
0.1044	-0.02124138693368206
0.1045	-0.021116120861201078
0.1046	-0.02099087617748534
0.1047	-0.02086565317777393
0.1048	-0.020740452152874567
0.1049	-0.02061527339391658
0.105	-0.020490117186583133
0.1051	-0.020364983813753193
0.1052	-0.020239873557345293
0.1053	-0.02011478669325353
0.1054	-0.019989723499797416
0.1055	-0.019864684247509826
0.1056	-0.019739669205811487
0.1057	-0.01961467864445088
0.1058	-0.0194897128258577
0.1059	-0.01936477201214566
0.106	-0.01923985646271036
0.1061	-0.01911496643567579
0.1062	-0.01899010218501011
0.1063	-0.018865263959786147
0.1064	-0.018740452011926537
0.1065	-0.01861566658920688
0.1066	-0.01849090793289894
0.1067	-0.018366176286652262
0.1068	-0.018241471891440535
0.1069	-0.01811679498271762
0.107	-0.017992145795089613
0.1071	-0.01786752456209962
0.1072	-0.017742931513825187
0.1073	-0.01761836687830927
0.1074	-0.017493830881433074
0.1075	-0.017369323746197072
0.1076	-0.01724484569520266
0.1077	-0.01712039694607918
0.1078	-0.016995977716152248
0.1079	-0.016871588220921403
0.108	-0.01674722867185292
0.1081	-0.016622899281865184
0.1082	-0.016498600258089725
0.1083	-0.016374331805885788
0.1084	-0.016250094131709625
0.1085	-0.016125887437405277
0.1086	-0.01600171192245918
0.1087	-0.015877567785685037
0.1088	-0.01575345522445287
0.1089	-0.01562937443136826
0.109	-0.015505325600879968
0.1091	-0.015381308923303725
0.1092	-0.015257324588346976
0.1093	-0.015133372778742882
0.1094	-0.015009453683924687
0.1095	-0.014885567485862831
0.1096	-0.014761714365275094
0.1097	-0.0146378945022683
0.1098	-0.014514108074666417
0.1099	-0.014390355259050918
0.11	-0.014266636227808698
0.1101	-0.014142951155772193
0.1102	-0.014019300211959069
0.1103	-0.013895683567148438
0.1104	-0.01377210138706957
0.1105	-0.013648553838584748
0.1106	-0.013525041085757803
0.1107	-0.013401563289613663
0.1108	-0.013278120614541233
0.1109	-0.013154713215237868
0.111	-0.013031341252560592
0.1111	-0.012908004880715295
0.1112	-0.01278470425576113
0.1113	-0.012661439528894057
0.1114	-0.012538210852997436
0.1115	-0.012415018376628211
0.1116	-0.012291862249001908
0.1117	-0.012168742616203276
0.1118	-0.012045659625161954
0.1119	-0.011922613418291967
0.112	-0.011799604138264393
0.1121	-0.011676631926648674
0.1122	-0.011553696923072027
0.1123	-0.011430799264392914
0.1124	-0.01130793908851043
0.1125	-0.011185116530839215
0.1126	-0.0110623317252967
0.1127	-0.010939584803632935
0.1128	-0.010816875898261807
0.1129	-0.010694205138061397
0.113	-0.010571572652558738
0.1131	-0.010448978567781446
0.1132	-0.010326423011851885
0.1133	-0.010203906107731158
0.1134	-0.010081427978916155
0.1135	-0.00995898874837581
0.1136	-0.009836588536121134
0.1137	-0.009714227462506459
0.1138	-0.009591905645620647
0.1139	-0.009469623202627848
0.114	-0.009347380249329948
0.1141	-0.009225176900299448
0.1142	-0.009103013270022777
0.1143	-0.008980889468960512
0.1144	-0.008858805611293617
0.1145	-0.008736761805458617
0.1146	-0.008614758159888674
0.1147	-0.008492794782306884
0.1148	-0.008370871780681492
0.1149	-0.008248989258963297
0.115	-0.008127147322870506
0.1151	-0.008005346074473245
0.1152	-0.007883585617481793
0.1153	-0.007761866050746342
0.1154	-0.0076401874780757
0.1155	-0.0075185499942265616
0.1156	-0.0073969536999240896
0.1157	-0.007275398692254688
0.1158	-0.007153885064339625
0.1159	-0.007032412913845296
0.116	-0.0069109823335551995
0.1161	-0.00678959341620703
0.1162	-0.006668246254306325
0.1163	-0.006546940936925511
0.1164	-0.00642567755617598
0.1165	-0.006304456199030668
0.1166	-0.006183276954724939
0.1167	-0.006062139910513744
0.1168	-0.00594104515080414
0.1169	-0.005819992762551052
0.117	-0.005698982829433428
0.1171	-0.005578015433175943
0.1172	-0.00545709065764729
0.1173	-0.005336208583338414
0.1174	-0.005215369291202742
0.1175	-0.005094572861301749
0.1176	-0.004973819372483545
0.1177	-0.004853108901827427
0.1178	-0.004732441526435552
0.1179	-0.004611817323301364
0.118	-0.004491236367102321
0.1181	-0.004370698731966123
0.1182	-0.0042502044913255415
0.1183	-0.004129753719414091
0.1184	-0.004009346486378494
0.1185	-0.0038889828654709822
0.1186	-0.003768662925468443
0.1187	-0.0036483867352381763
0.1188	-0.0035281543648159764
0.1189	-0.0034079658821535583
0.119	-0.003287821354226263
0.1191	-0.003167720846558417
0.1192	-0.0030476644272145015
0.1193	-0.0029276521582390002
0.1194	-0.0028076841046725197
0.1195	-0.0026877603303949783
0.1196	-0.0025678808970847865
0.1197	-0.0024480458682547028
0.1198	-0.002328255302663533
0.1199	-0.002208509263277472
0.12	-0.0020888078085091787
0.1201	-0.0019691509959373415
0.1202	-0.0018495388866988352
0.1203	-0.0017299715361524123
0.1204	-0.0016104490026244568
0.1205	-0.0014909713413945019
0.1206	-0.0013715386082870317
0.1207	-0.0012521508578039794
0.1208	-0.0011328081462927682
0.1209	-0.0010135105234502367
0.121	-0.0008942580447781905
0.1211	-0.0007750507615521779
0.1212	-0.0006558887253259372
0.1213	-0.0005367719875951343
0.1214	-0.00041770059839395506
0.1215	-0.000298674606763732
0.1216	-0.0001796940622284596
0.1217	-6.075901301427161e-5
0.1218	5.813049334642555e-5
0.1219	0.00017697440942116891
0.122	0.0002957726876356405
0.1221	0.0004145252837544706
0.1222	0.0005332321522015736
0.1223	0.0006518932476047817
0.1224	0.0007705085254758272
0.1225	0.0008890779431239236
0.1226	0.0010076014574752876
0.1227	0.0011260790255808275
0.1228	0.0012445106052959448
0.1229	0.0013628961562343832
0.123	0.0014812356376398658
0.1231	0.001599529008421707
0.1232	0.0017177762277364634
0.1233	0.0018359772615720747
0.1234	0.001954132065756026
0.1235	0.002072240604978655
0.1236	0.002190302841321614
0.1237	0.002308318737685623
0.1238	0.0024262882573421805
0.1239	0.00254421136481535
0.124	0.002662088024323052
0.1241	0.0027799182014216486
0.1242	0.0028977018618991796
0.1243	0.003015438971922431
0.1244	0.0031331294962536056
0.1245	0.0032507734035938586
0.1246	0.003368370661829836
0.1247	0.0034859212382996234
0.1248	0.0036034251014214888
0.1249	0.003720882221851871
0.125	0.0038382925656872072
0.1251	0.003955656105863694
0.1252	0.004072972812068338
0.1253	0.004190242655299575
0.1254	0.0043074656057977175
0.1255	0.0044246416367123
0.1256	0.004541770719165701
0.1257	0.004658852827564718
0.1258	0.00477588793376368
0.1259	0.004892876011445197
0.126	0.005009817033801402
0.1261	0.005126710976960246
0.1262	0.00524355781498599
0.1263	0.005360357523210093
0.1264	0.0054771100774133104
0.1265	0.005593815454278135
0.1266	0.005710473629052847
0.1267	0.005827084579582879
0.1268	0.005943648283406188
0.1269	0.006060164716846634
0.127	0.006176633861467492
0.1271	0.006293055691644383
0.1272	0.0064094301892038885
0.1273	0.006525757332225139
0.1274	0.006642037101296413
0.1275	0.006758269476205336
0.1276	0.006874454437315249
0.1277	0.006990591965455356
0.1278	0.007106682042631816
0.1279	0.007222724650694385
0.128	0.00733871976910502
0.1281	0.007454667383525013
0.1282	0.007570567475187931
0.1283	0.00768642002636057
0.1284	0.007802225021439834
0.1285	0.007917982445324717
0.1286	0.008033692280850368
0.1287	0.008149354512618431
0.1288	0.0082649691262768
0.1289	0.00838053610598362
0.129	0.008496055438408128
0.1291	0.008611527108733325
0.1292	0.008726951103618538
0.1293	0.008842327408550088
0.1294	0.00895765601190497
0.1295	0.009072936900308104
0.1296	0.009188170061683917
0.1297	0.009303355482876514
0.1298	0.009418493153099033
0.1299	0.009533583060825983
0.13	0.009648625193974301
0.1301	0.009763619543043884
0.1302	0.009878566096863384
0.1303	0.009993464844858954
0.1304	0.010108315776677177
0.1305	0.010223118884447472
0.1306	0.010337874157760002
0.1307	0.010452581586786625
0.1308	0.010567241164440182
0.1309	0.010681852880292927
0.131	0.010796416728582343
0.1311	0.010910932699827819
0.1312	0.011025400786641305
0.1313	0.011139820982124916
0.1314	0.011254193279327753
0.1315	0.01136851767091436
0.1316	0.011482794150959373
0.1317	0.011597022713642194
0.1318	0.011711203352083678
0.1319	0.0118253360610099
0.132	0.011939420835700744
0.1321	0.012053457669683848
0.1322	0.012167446560035305
0.1323	0.012281387500827636
0.1324	0.01239528048720855
0.1325	0.012509125516606726
0.1326	0.012622922584761852
0.1327	0.01273667168734942
0.1328	0.012850372822613386
0.1329	0.01296402598593261
0.133	0.01307763117475477
0.1331	0.01319118838759248
0.1332	0.013304697621569883
0.1333	0.013418158873092372
0.1334	0.013531572143923951
0.1335	0.013644937428997984
0.1336	0.013758254728854499
0.1337	0.013871524042329036
0.1338	0.013984745367106779
0.1339	0.014097918703560098
0.134	0.014211044051512498
0.1341	0.01432412140957247
0.1342	0.01443715077897988
0.1343	0.014550132159991298
0.1344	0.014663065552731298
0.1345	0.014775950957295992
0.1346	0.014888788375560263
0.1347	0.01500157780740493
0.1348	0.015114319257140284
0.1349	0.015227012722786018
0.135	0.015339658206366711
0.1351	0.01545225571302649
0.1352	0.01556480524200269
0.1353	0.015677306796635773
0.1354	0.01578976037934403
0.1355	0.015902165993860275
0.1356	0.016014523641753795
0.1357	0.016126833328145254
0.1358	0.016239095052828913
0.1359	0.01635130882315664
0.136	0.016463474640679283
0.1361	0.016575592511202532
0.1362	0.016687662437649544
0.1363	0.016799684424925316
0.1364	0.016911658475750775
0.1365	0.017023584597353713
0.1366	0.017135462793674904
0.1367	0.017247293069651982
0.1368	0.017359075430532833
0.1369	0.017470809882337686
0.137	0.01758249643049383
0.1371	0.017694135081615804
0.1372	0.017805725838718284
0.1373	0.017917268710545334
0.1374	0.018028763704618107
0.1375	0.01814021082431242
0.1376	0.01825161007879814
0.1377	0.018362961473834708
0.1378	0.01847426501619925
0.1379	0.018585520713627183
0.138	0.01869672857361879
0.1381	0.018807888602406182
0.1382	0.01891900081057072
0.1383	0.019030065204093283
0.1384	0.019141081789722778
0.1385	0.019252050578649073
0.1386	0.019362971575875524
0.1387	0.019473844792858637
0.1388	0.01958467023644827
0.1389	0.019695447916472868
0.139	0.01980617784115787
0.1391	0.019916860019968743
0.1392	0.020027494462703244
0.1393	0.02013808117695679
0.1394	0.020248620174558276
0.1395	0.020359111463634418
0.1396	0.020469555054792293
0.1397	0.02057995095822595
0.1398	0.02069029918320375
0.1399	0.020800599740908997
0.14	0.02091085264114889
