0.03	-0.004148457976973811
0.0301	-0.004414682394027315
0.0302	-0.0046820318903466164
0.0303	-0.004950508630321616
0.0304	-0.005220114861449313
0.0305	-0.0054908529132183855
0.0306	-0.005762725200242038
0.0307	-0.006035734210832946
0.0308	-0.006309882517986548
0.0309	-0.006585172766717426
0.031	-0.006861607682688426
0.0311	-0.007139190064552532
0.0312	-0.007417922785795197
0.0313	-0.0076978087916574536
0.0314	-0.00797885109803646
0.0315	-0.008261052795690275
0.0316	-0.008544417041482387
0.0317	-0.008828947061686122
0.0318	-0.009114646153656031
0.0319	-0.009401517675358809
0.032	-0.009689565058081948
0.0321	-0.009978791796390312
0.0322	-0.010269201445243677
0.0323	-0.010560797629071726
0.0324	-0.010853584029564354
0.0325	-0.011147564396218883
0.0326	-0.011442742535075382
0.0327	-0.011739122317437798
0.0328	-0.01203670766963126
0.0329	-0.012335502580320713
0.033	-0.012635511097347094
0.0331	-0.012936737322017588
0.0332	-0.013239185417021212
0.0333	-0.013542859599785597
0.0334	-0.013847764142999907
0.0335	-0.014153903374236602
0.0336	-0.014461281675870664
0.0337	-0.014769903482660478
0.0338	-0.015079773281870951
0.0339	-0.015390895615839048
0.034	-0.01570327507310572
0.0341	-0.016016916296694134
0.0342	-0.016331823978695717
0.0343	-0.016648002857348337
0.0344	-0.016965457723431658
0.0345	-0.017284193410243707
0.0346	-0.017604214799101132
0.0347	-0.01792552681830594
0.0348	-0.018248134441654483
0.0349	-0.018572042680926146
0.035	-0.01889725659738479
0.0351	-0.019223781290071844
0.0352	-0.01955162189732391
0.0353	-0.019880783602853218
0.0354	-0.020211271623403262
0.0355	-0.02054309121557752
0.0356	-0.020876247669613972
0.0357	-0.021210746314126245
0.0358	-0.02154659250855776
0.0359	-0.02188379164668633
0.036	-0.02222234914940504
0.0361	-0.022562270471179532
0.0362	-0.022903561089884193
0.0363	-0.02324622651463895
0.0364	-0.023590272273723355
0.0365	-0.02393570391888282
0.0366	-0.024282527025373694
0.0367	-0.024630747186618514
0.0368	-0.02498037001014142
0.0369	-0.025331401118270015
0.037	-0.02568384614936072
0.0371	-0.026037710747305178
0.0372	-0.02639300056608347
0.0373	-0.026749721263440766
0.0374	-0.027107878500830934
0.0375	-0.027467477936953814
0.0376	-0.027828525226566682
0.0377	-0.028191026022250577
0.0378	-0.028554985960382775
0.0379	-0.02892041066891069
0.038	-0.02928730575624405
0.0381	-0.029655676811262865
0.0382	-0.03002552939618203
0.0383	-0.030396869045728647
0.0384	-0.030769701264002736
0.0385	-0.031144031514465938
0.0386	-0.03151986521856393
0.0387	-0.03189720774890782
0.0388	-0.032276064430694876
0.0389	-0.03265644052652385
0.039	-0.03303834123662355
0.0391	-0.03342177169572399
0.0392	-0.0338067369493801
0.0393	-0.0341932419784382
0.0394	-0.03458129166147139
0.0395	-0.03497089078574704
0.0396	-0.03536204403695151
0.0397	-0.035754755981120816
0.0398	-0.03614903106954849
0.0399	-0.036544873623061774
0.04	-0.03694228782536561
0.0401	-0.03734127771242892
0.0402	-0.037741847162277575
0.0403	-0.03814399988587591
0.0404	-0.038547739414018636
0.0405	-0.03895306909136176
0.0406	-0.039359992057572894
0.0407	-0.039768511238997564
0.0408	-0.04017862933354769
0.0409	-0.04059034879870878
0.041	-0.04100367184088565
0.0411	-0.04141860039246444
0.0412	-0.041835136100261856
0.0413	-0.04225328031027393
0.0414	-0.04267303405395326
0.0415	-0.04309439801963985
0.0416	-0.04351737254610028
0.0417	-0.04394195759604733
0.0418	-0.04436815273818302
0.0419	-0.044795957126340664
0.042	-0.04522536947911021
0.0421	-0.04565638805099588
0.0422	-0.04608901061416262
0.0423	-0.046523234436700686
0.0424	-0.04695905624446558
0.0425	-0.047396472207446416
0.0426	-0.04783547789904547
0.0427	-0.04827606828037844
0.0428	-0.04871823765771917
0.0429	-0.04916197965924671
0.043	-0.04960728719344227
0.0431	-0.050054152424676625
0.0432	-0.050502566727715116
0.0433	-0.050952520657418295
0.0434	-0.05140400390610999
0.0435	-0.05185700526850216
0.0436	-0.052311512590304726
0.0437	-0.052767512739281694
0.0438	-0.05322499154057159
0.0439	-0.05368393375313533
0.044	-0.05414432301129791
0.0441	-0.054606141768441266
0.0442	-0.055069371251063856
0.0443	-0.05553399141619599
0.0444	-0.055999980879577554
0.0445	-0.056467316869228644
0.0446	-0.056935975168760714
0.0447	-0.05740593005259278
0.0448	-0.05787715422213431
0.0449	-0.05834961875942419
0.045	-0.058823293038856264
0.0451	-0.05929814468286189
0.0452	-0.05977413948323182
0.0453	-0.060251241330103934
0.0454	-0.06072941215365395
0.0455	-0.06120861183618194
0.0456	-0.061688798167465086
0.0457	-0.062169926734516254
0.0458	-0.06265195088693451
0.0459	-0.06313482163073426
0.046	-0.06361848757592337
0.0461	-0.06410289484892559
0.0462	-0.0645879870258425
0.0463	-0.0650737050642761
0.0464	-0.06555998720796435
0.0465	-0.06604676894747409
0.0466	-0.06653398293262232
0.0467	-0.06702155889737114
0.0468	-0.06750942361533607
0.0469	-0.06799750082246489
0.047	-0.06848571116867079
0.0471	-0.06897397215943882
0.0472	-0.06946219810032886
0.0473	-0.069950300074274
0.0474	-0.07043818587601075
0.0475	-0.07092576000594965
0.0476	-0.0714129236282335
0.0477	-0.07189957457147066
0.0478	-0.0723856073174457
0.0479	-0.07287091299683428
0.048	-0.07335537941519554
0.0481	-0.07383889107696535
0.0482	-0.074321329225073
0.0483	-0.07480257188251088
0.0484	-0.07528249393070449
0.0485	-0.07576096719289076
0.0486	-0.07623786050682851
0.0487	-0.07671303986260151
0.0488	-0.07718636851728977
0.0489	-0.0776577071311335
0.049	-0.07812691394911406
0.0491	-0.07859384497257753
0.0492	-0.07905835414830126
0.0493	-0.07952029359267872
0.0494	-0.07997951381362249
0.0495	-0.08043586398316863
0.0496	-0.08088919217107601
0.0497	-0.081339345657764
0.0498	-0.08178617121240991
0.0499	-0.08222951541320447
0.05	-0.08266922497194502
0.0501	-0.08310514707241555
0.0502	-0.08353712971429453
0.0503	-0.0839650220730006
0.0504	-0.08438867485611456
0.0505	-0.0848079406808803
0.0506	-0.08522267443060887
0.0507	-0.08563273363013299
0.0508	-0.0860379788205696
0.0509	-0.08643827389982879
0.051	-0.08683348651136431
0.0511	-0.08722348835364256
0.0512	-0.08760815553457199
0.0513	-0.0879873688881645
0.0514	-0.0883610142723311
0.0515	-0.08872898286206425
0.0516	-0.08909117139272374
0.0517	-0.08944748242974318
0.0518	-0.08979782454935348
0.0519	-0.09014211256196086
0.052	-0.09048026766697592
0.0521	-0.09081221756696568
0.0522	-0.09113789661547196
0.0523	-0.09145724586942297
0.0524	-0.09177021314792139
0.0525	-0.09207675306200182
0.0526	-0.09237682700390257
0.0527	-0.09267040312231872
0.0528	-0.09295745625675084
0.0529	-0.09323796786886887
0.053	-0.09351192592196683
0.0531	-0.0937793247678846
0.0532	-0.0940401649822966
0.0533	-0.09429445322189203
0.0534	-0.09454220200774466
0.0535	-0.09478342954665998
0.0536	-0.09501815951879633
0.0537	-0.09524642084295609
0.0538	-0.09546824744602583
0.0539	-0.09568367802198025
0.054	-0.095892755782438
0.0541	-0.09609552820645934
0.0542	-0.09629204677880006
0.0543	-0.0964823667370148
0.0544	-0.09666654681584327
0.0545	-0.09684464899677254
0.0546	-0.09701673824649405
0.0547	-0.09718288227246534
0.0548	-0.0973431512817814
0.0549	-0.09749761774783808
0.055	-0.09764635617054127
0.0551	-0.09778944286301576
0.0552	-0.09792695572759628
0.0553	-0.09805897405604802
0.0554	-0.09818557832280418
0.0555	-0.0983068500028033
0.0556	-0.098422871389376
0.0557	-0.09853372541648732
0.0558	-0.09863949551257337
0.0559	-0.09874026542008009
0.056	-0.09883611908800077
0.0561	-0.0989271405017553
0.0562	-0.0990134135798573
0.0563	-0.09909502204793087
0.0564	-0.09917204933544785
0.0565	-0.09924457846794882
0.0566	-0.09931269197289624
0.0567	-0.09937647180391387
0.0568	-0.09943599926327576
0.0569	-0.09949135491331099
0.057	-0.09954261852866375
0.0571	-0.09958986903996545
0.0572	-0.099633184460705
0.0573	-0.09967264186594563
0.0574	-0.09970831733479649
0.0575	-0.09974028591969908
0.0576	-0.09976862161592222
0.0577	-0.09979339733211864
0.0578	-0.09981468486620855
0.0579	-0.09983255488980226
0.058	-0.09984707693001249
0.0581	-0.09985831935892187
0.0582	-0.09986634938188237
0.0583	-0.09987123303490482
0.0584	-0.09987303517305646
0.0585	-0.09987181948741132
0.0586	-0.09986764847685695
0.0587	-0.09986058347862006
0.0588	-0.09985068465838268
0.0589	-0.09983801101782515
0.059	-0.09982262041159913
0.0591	-0.09980456953936442
0.0592	-0.09978391397759219
0.0593	-0.09976070817287692
0.0594	-0.09973500546098785
0.0595	-0.09970685808884186
0.0596	-0.09967631721205389
0.0597	-0.09964343292641459
0.0598	-0.09960825426737986
0.0599	-0.09957082924027277
0.06	-0.09953120483079603
0.0601	-0.0994894270163243
0.0602	-0.09944554079319669
0.0603	-0.09939959018211138
0.0604	-0.09935161826282224
0.0605	-0.09930166716889322
0.0606	-0.09924977812444294
0.0607	-0.09919599145141281
0.0608	-0.09914034659109877
0.0609	-0.09908288212070537
0.061	-0.09902363577095052
0.0611	-0.09896264444025589
0.0612	-0.09889994421832557
0.0613	-0.09883557040036876
0.0614	-0.09876955749501903
0.0615	-0.09870193926462408
0.0616	-0.09863274870911697
0.0617	-0.09856201811385988
0.0618	-0.0984897790438212
0.0619	-0.09841606237024077
0.062	-0.09834089827940865
0.0621	-0.09826431629842884
0.0622	-0.09818634529638685
0.0623	-0.09810701351039958
0.0624	-0.09802634855468736
0.0625	-0.09794437743822644
0.0626	-0.09786112657538673
0.0627	-0.09777662179968927
0.0628	-0.09769088838201978
0.0629	-0.0976039510423335
0.063	-0.0975158339506199
0.0631	-0.09742656076161567
0.0632	-0.09733615460738322
0.0633	-0.09724463812028884
0.0634	-0.09715203344500621
0.0635	-0.09705836223854855
0.0636	-0.09696364569962783
0.0637	-0.09686790456547026
0.0638	-0.09677115912513969
0.0639	-0.09667342923487107
0.064	-0.09657473432718808
0.0641	-0.09647509341500837
0.0642	-0.09637452511097226
0.0643	-0.09627304763211068
0.0644	-0.09617067880179528
0.0645	-0.09606743607435989
0.0646	-0.09596333653116589
0.0647	-0.09585839689800756
0.0648	-0.09575263354517988
0.0649	-0.09564606250387278
0.065	-0.09553869946970428
0.0651	-0.09543055981066884
0.0652	-0.0953216585744249
0.0653	-0.09521201050102246
0.0654	-0.09510163002232556
0.0655	-0.09499053127749213
0.0656	-0.09487872810771054
0.0657	-0.09476623408216128
0.0658	-0.09465306248207891
0.0659	-0.09453922632128657
0.066	-0.0944247383552444
0.0661	-0.09430961107602479
0.0662	-0.09419385672585713
0.0663	-0.09407748729809894
0.0664	-0.09396051454878279
0.0665	-0.09384294999851492
0.0666	-0.09372480493558556
0.0667	-0.0936060904277444
0.0668	-0.09348681732214476
0.0669	-0.0933669962494036
0.067	-0.09324663763363118
0.0671	-0.09312575169385262
0.0672	-0.09300434844717591
0.0673	-0.09288243772045332
0.0674	-0.09276002914179675
0.0675	-0.09263713215946767
0.0676	-0.09251375603600585
0.0677	-0.09238990985495729
0.0678	-0.09226560252855946
0.0679	-0.0921408427924453
0.068	-0.09201563922343736
0.0681	-0.09189000022967887
0.0682	-0.09176393405974129
0.0683	-0.09163744880718858
0.0684	-0.09151055241648265
0.0685	-0.09138325267518656
0.0686	-0.09125555723460788
0.0687	-0.09112747359255308
0.0688	-0.09099900911772407
0.0689	-0.09087017103305733
0.069	-0.09074096643307876
0.0691	-0.09061140227958964
0.0692	-0.09048148540641439
0.0693	-0.09035122252360159
0.0694	-0.09022062021564342
0.0695	-0.09008968494798451
0.0696	-0.08995842307027208
0.0697	-0.08982684081630771
0.0698	-0.08969494430817612
0.0699	-0.08956273955187859
0.07	-0.08943023245484809
0.0701	-0.08929742881029386
0.0702	-0.08916433431455943
0.0703	-0.08903095455910894
0.0704	-0.08889729503688332
0.0705	-0.08876336114255978
0.0706	-0.08862915817824875
0.0707	-0.08849469135025016
0.0708	-0.0883599657752169
0.0709	-0.08822498647929382
0.071	-0.0880897584029349
0.0711	-0.08795428639718196
0.0712	-0.08781857523357332
0.0713	-0.08768262959579376
0.0714	-0.08754645409209871
0.0715	-0.08741005324745207
0.0716	-0.08727343151250766
0.0717	-0.08713659325894706
0.0718	-0.08699954278539064
0.0719	-0.08686228431765301
0.072	-0.0867248220099717
0.0721	-0.08658715994612017
0.0722	-0.08644930214072309
0.0723	-0.08631125254309452
0.0724	-0.08617301503031279
0.0725	-0.08603459342091438
0.0726	-0.08589599146871178
0.0727	-0.08575721286274876
0.0728	-0.08561826123312867
0.0729	-0.08547914015000192
0.073	-0.08533985312020151
0.0731	-0.08520040359958098
0.0732	-0.08506079498385485
0.0733	-0.08492103061295676
0.0734	-0.08478111377224179
0.0735	-0.08464104769309488
0.0736	-0.08450083556012797
0.0737	-0.08436048049681609
0.0738	-0.08421998558445375
0.0739	-0.08407935384944762
0.074	-0.08393858827207373
0.0741	-0.08379769178498474
0.0742	-0.08365666727267146
0.0743	-0.08351551757400938
0.0744	-0.08337424548420494
0.0745	-0.08323285375102049
0.0746	-0.08309134508178105
0.0747	-0.08294972214052383
0.0748	-0.0828079875469983
0.0749	-0.08266614388098387
0.075	-0.082524193683639
0.0751	-0.08238213945491157
0.0752	-0.08223998365570004
0.0753	-0.0820977287082916
0.0754	-0.0819553769971973
0.0755	-0.08181293087119598
0.0756	-0.08167039264185999
0.0757	-0.08152776458581185
0.0758	-0.08138504894320041
0.0759	-0.08124224791986506
0.076	-0.08109936369276444
0.0761	-0.08095639839571023
0.0762	-0.08081335413956879
0.0763	-0.08067023300000034
0.0764	-0.08052703701618114
0.0765	-0.08038376820443867
0.0766	-0.08024042854592474
0.0767	-0.08009701998910851
0.0768	-0.07995354446278177
0.0769	-0.07981000385566628
0.077	-0.07966640003490802
0.0771	-0.0795227348392232
0.0772	-0.0793790100759577
0.0773	-0.07923522753078087
0.0774	-0.07909138895757642
0.0775	-0.07894749608886034
0.0776	-0.07880355062969577
0.0777	-0.07865955425679366
0.0778	-0.07851550862737125
0.0779	-0.07837141537026819
0.078	-0.07822727609328887
0.0781	-0.07808309237882818
0.0782	-0.0779388657856877
0.0783	-0.07779459785106192
0.0784	-0.0776502900905693
0.0785	-0.07750594399489062
0.0786	-0.07736156103479201
0.0787	-0.07721714266175234
0.0788	-0.07707269030051063
0.0789	-0.07692820536181193
0.079	-0.07678368923110493
0.0791	-0.07663914327665033
0.0792	-0.07649456884429551
0.0793	-0.07634996726469315
0.0794	-0.07620533984579532
0.0795	-0.07606068787863723
0.0796	-0.07591601263470232
0.0797	-0.07577131536758178
0.0798	-0.0756265973139934
0.0799	-0.07548185969208057
0.08	-0.07533710370281424
0.0801	-0.07519233052938874
0.0802	-0.07504754134079995
0.0803	-0.07490273728683107
0.0804	-0.07475791950203906
0.0805	-0.07461308910496797
0.0806	-0.07446824719830919
0.0807	-0.0743233948706634
0.0808	-0.07417853319206033
0.0809	-0.07403366322053047
0.081	-0.07388878599797184
0.0811	-0.07374390255322213
0.0812	-0.07359901389640519
0.0813	-0.07345412103041968
0.0814	-0.07330922493800407
0.0815	-0.0731643265917414
0.0816	-0.07301942695153822
0.0817	-0.07287452695812947
0.0818	-0.07272962754597635
0.0819	-0.07258472963217642
0.082	-0.07243983412411689
0.0821	-0.0722949419153796
0.0822	-0.07215005388595169
0.0823	-0.07200517090607676
0.0824	-0.07186029383367562
0.0825	-0.07171542351195637
0.0826	-0.071570560777524
0.0827	-0.07142570644982711
0.0828	-0.07128086134045837
0.0829	-0.0711360262505289
0.083	-0.07099120196733655
0.0831	-0.07084638927317638
0.0832	-0.07070158893110538
0.0833	-0.07055680170109771
0.0834	-0.07041202832880479
0.0835	-0.07026726955270071
0.0836	-0.0701225260957381
0.0837	-0.06997779867771863
0.0838	-0.0698330880055644
0.0839	-0.06968839477673824
0.084	-0.06954371967798495
0.0841	-0.06939906338925621
0.0842	-0.06925442658028581
0.0843	-0.06910980991104809
0.0844	-0.06896521403183793
0.0845	-0.06882063958820347
0.0846	-0.06867608721428853
0.0847	-0.06853155753116393
0.0848	-0.06838705116115026
0.0849	-0.06824256871085932
0.085	-0.06809811078127181
0.0851	-0.0679536779649042
0.0852	-0.06780927084569476
0.0853	-0.06766489000091461
0.0854	-0.06752053600035059
0.0855	-0.06737620940439738
0.0856	-0.06723191076777589
0.0857	-0.06708764063604848
0.0858	-0.06694339954825425
0.0859	-0.06679918803703497
0.086	-0.06665500662687904
0.0861	-0.0665108558349908
0.0862	-0.06636673617345598
0.0863	-0.06622264814474246
0.0864	-0.06607859224770866
0.0865	-0.06593456897011114
0.0866	-0.06579057879852002
0.0867	-0.06564662221115396
0.0868	-0.06550269967609802
0.0869	-0.06535881166050887
0.087	-0.06521495862265064
0.0871	-0.06507114101483391
0.0872	-0.06492735928295959
0.0873	-0.06478361386922418
0.0874	-0.06463990520613909
0.0875	-0.06449623372400524
0.0876	-0.06435259984663785
0.0877	-0.06420900398949674
0.0878	-0.06406544656544401
0.0879	-0.06392192798035937
0.088	-0.06377844863639666
0.0881	-0.0636350089277886
0.0882	-0.06349160924740525
0.0883	-0.0633482499755387
0.0884	-0.06320493149686868
0.0885	-0.06306165418275206
0.0886	-0.06291841840642429
0.0887	-0.06277522453027218
0.0888	-0.06263207291414276
0.0889	-0.06248896391449964
0.089	-0.062345897881613994
0.0891	-0.062202875161548085
0.0892	-0.062059896093279554
0.0893	-0.06191696101578894
0.0894	-0.06177407026124926
0.0895	-0.06163122415489604
0.0896	-0.061488423021208286
0.0897	-0.06134566717873533
0.0898	-0.06120295694201596
0.0899	-0.06106029262121772
0.09	-0.0609176745235376
0.0901	-0.060775102948534936
0.0902	-0.06063257819714614
0.0903	-0.06049010056164022
0.0904	-0.060347670330734564
0.0905	-0.060205287792293415
0.0906	-0.060062953227549065
0.0907	-0.05992066691503825
0.0908	-0.059778429129926175
0.0909	-0.059636240141340204
0.091	-0.059494100218168804
0.0911	-0.0593520096223623
0.0912	-0.059209968614588944
0.0913	-0.059067977451263506
0.0914	-0.05892603638481104
0.0915	-0.058784145665389906
0.0916	-0.058642305537590006
0.0917	-0.05850051624537664
0.0918	-0.05835877802708827
0.0919	-0.058217091118951333
0.092	-0.05807545575443901
0.0921	-0.057933872161330016
0.0922	-0.057792340568266244
0.0923	-0.05765086119719984
0.0924	-0.05750943426857943
0.0925	-0.05736805999846107
0.0926	-0.05722673860232105
0.0927	-0.05708547029139048
0.0928	-0.05694425527093329
0.0929	-0.05680309375010101
0.093	-0.0566619859297415
0.0931	-0.056520932008366144
0.0932	-0.05637993218399744
0.0933	-0.05623898665102055
0.0934	-0.056098095598498994
0.0935	-0.0559572592172888
0.0936	-0.0558164776923542
0.0937	-0.05567575120721293
0.0938	-0.05553507994149183
0.0939	-0.05539446407426703
0.094	-0.05525390378075638
0.0941	-0.05511339923448758
0.0942	-0.05497295060523932
0.0943	-0.05483255806119307
0.0944	-0.054692221769549326
0.0945	-0.05455194189116364
0.0946	-0.05441171858855337
0.0947	-0.054271552019541404
0.0948	-0.05413144234074876
0.0949	-0.05399138970703688
0.095	-0.053851394268152046
0.0951	-0.05371145617540729
0.0952	-0.05357157557356259
0.0953	-0.05343175261156549
0.0954	-0.0532919874299632
0.0955	-0.05315228017005093
0.0956	-0.053012630970487966
0.0957	-0.05287303996717028
0.0958	-0.05273350729716582
0.0959	-0.05259403309138869
0.096	-0.05245461748031009
0.0961	-0.05231526059225593
0.0962	-0.052175962555488474
0.0963	-0.052036723493347335
0.0964	-0.05189754352982628
0.0965	-0.051758422784422095
0.0966	-0.051619361377723195
0.0967	-0.05148035942589335
0.0968	-0.05134141704456241
0.0969	-0.051202534347436844
0.097	-0.051063711446805285
0.0971	-0.050924948452603654
0.0972	-0.050786245472932874
0.0973	-0.05064760261308805
0.0974	-0.050509019981183616
0.0975	-0.05037049767691881
0.0976	-0.05023203580506226
0.0977	-0.050093634463164574
0.0978	-0.04995529375002149
0.0979	-0.04981701376398303
0.098	-0.049678794598592084
0.0981	-0.049540636347583294
0.0982	-0.0494025391022094
0.0983	-0.049264502954996646
0.0984	-0.04912652799297237
0.0985	-0.0489886143048255
0.0986	-0.048850761977168235
0.0987	-0.04871297109139797
0.0988	-0.04857524173359967
0.0989	-0.04843757398483774
0.099	-0.04829996792392997
0.0991	-0.048162423632872695
0.0992	-0.04802494118531731
0.0993	-0.047887520659128074
0.0994	-0.0477501621291118
0.0995	-0.04761286566884704
0.0996	-0.047475631350962146
0.0997	-0.04733845924240221
0.0998	-0.04720134941731327
0.0999	-0.047064301942731444
0.1	-0.046927316884222636
0.1001	-0.04679039430796356
0.1002	-0.04665353427937964
0.1003	-0.04651673685942424
0.1004	-0.04638000211445962
0.1005	-0.04624333010074037
0.1006	-0.046106720879180496
0.1007	-0.04597017451051834
0.1008	-0.04583369104924613
0.1009	-0.045697270553845475
0.101	-0.045560913076683786
0.1011	-0.045424618675089096
0.1012	-0.04528838739972334
0.1013	-0.045152219302050475
0.1014	-0.04501611443385009
0.1015	-0.04488007284425195
0.1016	-0.0447440945816792
0.1017	-0.04460817969338317
0.1018	-0.044472328227912875
0.1019	-0.044336540228194
0.102	-0.04420081573969974
0.1021	-0.044065154805749226
0.1022	-0.043929557468664476
0.1023	-0.04379402377084069
0.1024	-0.043658553751481095
0.1025	-0.04352314745096789
0.1026	-0.043387804909143485
0.1027	-0.04325252616008555
0.1028	-0.04311731124394935
0.1029	-0.04298216019551742
0.103	-0.042847073050340065
0.1031	-0.04271204984090522
0.1032	-0.04257709060182603
0.1033	-0.04244219536502421
0.1034	-0.042307364160930026
0.1035	-0.042172597021566886
0.1036	-0.042037893976618404
0.1037	-0.04190325505423352
0.1038	-0.041768680283037936
0.1039	-0.04163416969087609
0.104	-0.041499723301955845
0.1041	-0.04136534114437469
0.1042	-0.04123102324170455
0.1043	-0.041096769618412174
0.1044	-0.040962580298474494
0.1045	-0.04082845530324001
0.1046	-0.04069439465479268
0.1047	-0.04056039837502784
0.1048	-0.04042646648316413
0.1049	-0.040292598999458584
0.105	-0.04015879594215257
0.1051	-0.040025057330562386
0.1052	-0.03989138318093762
0.1053	-0.039757773509519465
0.1054	-0.03962422833474888
0.1055	-0.03949074766998617
0.1056	-0.03935733152951876
0.1057	-0.039223979929542886
0.1058	-0.03909069288144079
0.1059	-0.038957470398363156
0.106	-0.038824312491954775
0.1061	-0.03869121917528186
0.1062	-0.03855819045775748
0.1063	-0.03842522634917905
0.1064	-0.038292326860166676
0.1065	-0.038159491998260034
0.1066	-0.038026721772766815
0.1067	-0.03789401619087475
0.1068	-0.03776137526089641
0.1069	-0.037628798986708935
0.107	-0.03749628737706721
0.1071	-0.037363840434709666
0.1072	-0.037231458168076194
0.1073	-0.037099140577345105
0.1074	-0.036966887667761
0.1075	-0.03683469944341557
0.1076	-0.03670257590523964
0.1077	-0.03657051705590715
0.1078	-0.036438522897590066
0.1079	-0.036306593430637385
0.108	-0.03617472865528853
0.1081	-0.0360429285718292
0.1082	-0.03591119317919422
0.1083	-0.03577952247640421
0.1084	-0.035647916462793
0.1085	-0.03551637513396921
0.1086	-0.03538489849122267
0.1087	-0.03525348652778325
0.1088	-0.03512213924208958
0.1089	-0.03499085662788052
0.109	-0.034859638683774764
0.1091	-0.034728485403420925
0.1092	-0.03459739678161511
0.1093	-0.034466372811397236
0.1094	-0.034335413487168516
0.1095	-0.034204518803782245
0.1096	-0.03407368875128422
0.1097	-0.033942923324484314
0.1098	-0.03381222251309852
0.1099	-0.033681586309902874
0.11	-0.033551014705789056
0.1101	-0.03342050769264328
0.1102	-0.03329006525867385
0.1103	-0.033159687395228274
0.1104	-0.03302937409120637
0.1105	-0.032899125335066205
0.1106	-0.03276894111790094
0.1107	-0.03263882142466176
0.1108	-0.03250876624675788
0.1109	-0.03237877556781447
0.111	-0.03224884937892331
0.1111	-0.03211898766358384
0.1112	-0.03198919041045278
0.1113	-0.03185945760513282
0.1114	-0.03172978923239375
0.1115	-0.03160018527858302
0.1116	-0.03147064572770961
0.1117	-0.031341170565459577
0.1118	-0.031211759775596454
0.1119	-0.03108241334341131
0.112	-0.030953131249227175
0.1121	-0.0308239134790482
0.1122	-0.030694760015521627
0.1123	-0.030565670841643907
0.1124	-0.03043664593787839
0.1125	-0.030307685287454283
0.1126	-0.030178788873282278
0.1127	-0.03004995667433568
0.1128	-0.029921188672118904
0.1129	-0.029792484849324005
0.113	-0.029663845184476963
0.1131	-0.02953526965804833
0.1132	-0.029406758251052222
0.1133	-0.029278310941762885
0.1134	-0.02914992771079924
0.1135	-0.029021608534756035
0.1136	-0.028893353394794895
0.1137	-0.028765162268213972
0.1138	-0.02863703513475195
0.1139	-0.02850897196858564
0.114	-0.028380972750811286
0.1141	-0.02825303745820764
0.1142	-0.028125166067411993
0.1143	-0.027997358554246406
0.1144	-0.027869614896733518
0.1145	-0.027741935071163473
0.1146	-0.027614319052902493
0.1147	-0.027486766816620916
0.1148	-0.027359278340991312
0.1149	-0.027231853599505876
0.115	-0.02710449256607559
0.1151	-0.026977195217609832
0.1152	-0.02684996152843155
0.1153	-0.02672279147171501
0.1154	-0.02659568502283181
0.1155	-0.026468642154983457
0.1156	-0.026341662841709697
0.1157	-0.02621474705784793
0.1158	-0.026087894775412047
0.1159	-0.02596110596686237
0.116	-0.025834380606890996
0.1161	-0.025707718665923963
0.1162	-0.02558112011921999
0.1163	-0.02545458493599606
0.1164	-0.02532811309051648
0.1165	-0.025201704553123854
0.1166	-0.025075359295603533
0.1167	-0.02494907728982656
0.1168	-0.02482285850659266
0.1169	-0.024696702917883347
0.117	-0.024570610493103606
0.1171	-0.024444581203953358
0.1172	-0.024318615020006675
0.1173	-0.024192711912469085
0.1174	-0.024066871850092396
0.1175	-0.02394109480368297
0.1176	-0.02381538074301747
0.1177	-0.023689729637659807
0.1178	-0.02356414145534931
0.1179	-0.023438616168724724
0.118	-0.023313153744556503
0.1181	-0.023187754149763574
0.1182	-0.023062417356281614
0.1183	-0.022937143332421667
0.1184	-0.022811932044241208
0.1185	-0.022686783462317055
0.1186	-0.02256169755418489
0.1187	-0.022436674285819285
0.1188	-0.022311713626471268
0.1189	-0.02218681554385501
0.119	-0.02206198000562867
0.1191	-0.021937206978145232
0.1192	-0.021812496428938795
0.1193	-0.02168784832407003
0.1194	-0.021563262631381776
0.1195	-0.021438739319162493
0.1196	-0.02131427835167239
0.1197	-0.021189879696358466
0.1198	-0.021065543317603623
0.1199	-0.020941269184056734
0.12	-0.020817057261133188
0.1201	-0.02069290751309588
0.1202	-0.020568819907631552
0.1203	-0.020444794409375175
0.1204	-0.020320830984020335
0.1205	-0.020196929597579592
0.1206	-0.020073090213651553
0.1207	-0.01994931279924911
0.1208	-0.019825597318652615
0.1209	-0.019701943737049282
0.121	-0.019578352017799713
0.1211	-0.019454822126287873
0.1212	-0.01933135402880094
0.1213	-0.01920794768776472
0.1214	-0.019084603068001978
0.1215	-0.01896132013332139
0.1216	-0.018838098848437734
0.1217	-0.018714939176748997
0.1218	-0.018591841083200875
0.1219	-0.018468804529919045
0.122	-0.01834582948185394
0.1221	-0.01822291590295972
0.1222	-0.01810006375546254
0.1223	-0.017977273003405125
0.1224	-0.017854543610139925
0.1225	-0.01773187553869916
0.1226	-0.01760926875137655
0.1227	-0.017486723211892458
0.1228	-0.0173642388836434
0.1229	-0.017241815728830136
0.123	-0.017119453710205648
0.1231	-0.016997152790316855
0.1232	-0.016874912931612657
0.1233	-0.016752734096926788
0.1234	-0.016630616249585093
0.1235	-0.016508559348183852
0.1236	-0.01638656335926914
0.1237	-0.016264628242504377
0.1238	-0.016142753961452195
0.1239	-0.016020940475564936
0.124	-0.015899187749228577
0.1241	-0.01577749574281906
0.1242	-0.015655864419901383
0.1243	-0.01553429373924292
0.1244	-0.015412783664902552
0.1245	-0.015291334157236124
0.1246	-0.015169945177822155
0.1247	-0.015048616687540352
0.1248	-0.014927348648156109
0.1249	-0.014806141021437734
0.125	-0.014684993767882506
0.1251	-0.014563906848461356
0.1252	-0.01444288022489391
0.1253	-0.014321913856413009
0.1254	-0.014201007706795044
0.1255	-0.014080161734890958
0.1256	-0.013959375901059728
0.1257	-0.013838650167316977
0.1258	-0.013717984493181557
0.1259	-0.01359737883993246
0.126	-0.013476833168092093
0.1261	-0.013356347438679373
0.1262	-0.013235921610406471
0.1263	-0.013115555644885982
0.1264	-0.012995249502507182
0.1265	-0.012875003142059856
0.1266	-0.01275481652594306
0.1267	-0.012634689613138846
0.1268	-0.012514622363812431
0.1269	-0.012394614737529753
0.127	-0.012274666694666052
0.1271	-0.012154778195361217
0.1272	-0.012034949200415467
0.1273	-0.011915179667428541
0.1274	-0.011795469557160675
0.1275	-0.011675818830694034
0.1276	-0.011556227446455104
0.1277	-0.011436695364092947
0.1278	-0.01131722254261951
0.1279	-0.011197808944463983
0.128	-0.011078454526449625
0.1281	-0.010959159247954818
0.1282	-0.010839923069522734
0.1283	-0.010720745951032212
0.1284	-0.010601627851668113
0.1285	-0.010482568729546692
0.1286	-0.010363568544299762
0.1287	-0.010244627256493596
0.1288	-0.010125744824193508
0.1289	-0.01000692120754402
0.129	-0.00988815636329266
0.1291	-0.009769450254815303
0.1292	-0.009650802838876083
0.1293	-0.009532214072766802
0.1294	-0.009413683917424937
0.1295	-0.009295212332636516
0.1296	-0.009176799275861076
0.1297	-0.009058444706365118
0.1298	-0.008940148584441015
0.1299	-0.008821910866909526
0.13	-0.008703731513633753
