0.0395	-3.844595354346421e-5
0.0396	-0.00011004667302113405
0.0397	-0.00018219036450457487
0.0398	-0.00025487283603017863
0.0399	-0.00032808961783321086
0.04	-0.00040183597475066795
0.0401	-0.00047610691190535614
0.0402	-0.0005508971795007353
0.0403	-0.0006262012851415476
0.0404	-0.0007020135127010546
0.0405	-0.0007783279043946454
0.0406	-0.0008551383165357914
0.0407	-0.0009324384111912176
0.0408	-0.0010102216705183348
0.0409	-0.0010884814329078034
0.041	-0.0011672109061472498
0.0411	-0.0012464032014286356
0.0412	-0.001326051348286756
0.0413	-0.0014061483487330007
0.0414	-0.0014866871833707435
0.0415	-0.001567660886403613
0.0416	-0.001649062558691732
0.0417	-0.0017308854365221007
0.0418	-0.0018131229346019873
0.0419	-0.0018957687097370035
0.042	-0.0019788167321831193
0.0421	-0.0020622613491715356
0.0422	-0.002146097370781854
0.0423	-0.0022303201654041223
0.0424	-0.0023149257465533615
0.0425	-0.0023999108951314363
0.0426	-0.0024852732748043417
0.0427	-0.002571011571100654
0.0428	-0.0026571256420023052
0.0429	-0.0027436166883096393
0.043	-0.0028304874367720756
0.0431	-0.0029177423585517444
0.0432	-0.0030053878990748753
0.0433	-0.003093432739297195
0.0434	-0.003181888102824959
0.0435	-0.003270768074724699
0.0436	-0.0033600899855689083
0.0437	-0.003449874841893367
0.0438	-0.0035401477864065536
0.0439	-0.0036309386581725688
0.044	-0.0037222826049302816
0.0441	-0.0038142207746376757
0.0442	-0.003906801124812486
0.0443	-0.004000079328163039
0.0444	-0.004094119799667306
0.0445	-0.004188996907787507
0.0446	-0.004284796317237419
0.0447	-0.004381616551702845
0.0448	-0.004479570792850404
0.0449	-0.004578788925276042
0.045	-0.004679419912459233
0.0451	-0.004781634487136033
0.0452	-0.0048856282994044625
0.0453	-0.004991625445851062
0.0454	-0.0050998825885216
0.0455	-0.005210693596096109
0.0456	-0.005324394838176726
0.0457	-0.005441371155422689
0.0458	-0.005562062536042481
0.0459	-0.005686971500184949
0.046	-0.005816671111944217
0.0461	-0.005951813508398931
0.0462	-0.006093138627759195
0.0463	-0.006241482663495896
0.0464	-0.006397785590333203
0.0465	-0.006563096602761782
0.0466	-0.0067385760492397005
0.0467	-0.006925491909687437
0.0468	-0.007125208401824681
0.0469	-0.007339164079281592
0.047	-0.007568836694637573
0.0471	-0.007815693064862956
0.0472	-0.008081123531821579
0.0473	-0.008366363419177947
0.0474	-0.008672407476996857
0.0475	-0.008999926757274682
0.0476	-0.009349199996714228
0.0477	-0.009720071684887827
0.0478	-0.010111945566318795
0.0479	-0.010523816351901822
0.048	-0.01095433508762936
0.0481	-0.011401897604975782
0.0482	-0.011864742448342363
0.0483	-0.01234104527764926
0.0484	-0.01282900008309533
0.0485	-0.013326881780557031
0.0486	-0.013833089117976656
0.0487	-0.014346169565926865
0.0488	-0.014864829590464855
0.0489	-0.01538793414059521
0.049	-0.01591449884205205
0.0491	-0.01644367798089345
0.0492	-0.0169747502991515
0.0493	-0.017507104322991497
0.0494	-0.018040224048969
0.0495	-0.018573675742964237
0.0496	-0.019107095943761705
0.0497	-0.01964018093814493
0.0498	-0.020172677584861215
0.0499	-0.0207043754481765
0.05	-0.021235100073652497
0.0501	-0.021764707308478827
0.0502	-0.022293078517972867
0.0503	-0.022820116539830036
0.0504	-0.023345742338487158
0.0505	-0.023869892163081375
0.0506	-0.024392515192812256
0.0507	-0.024913571553766143
0.0508	-0.025433030677403608
0.0509	-0.025950869897173393
0.051	-0.02646707327614816
0.0511	-0.02698163062035784
0.0512	-0.02749453663926448
0.0513	-0.02800579020102626
0.0514	-0.028515393728948513
0.0515	-0.029023352632196825
0.0516	-0.029529674833215565
0.0517	-0.030034370313704425
0.0518	-0.03053745073123225
0.0519	-0.031038929042539777
0.052	-0.03153881915194207
0.0521	-0.03203713559152582
0.0522	-0.032533893202269244
0.0523	-0.03302910682354964
0.0524	-0.03352279099852967
0.0525	-0.03401495968155186
0.0526	-0.03450562593846868
0.0527	-0.034994801679749304
0.0528	-0.03548249734963223
0.0529	-0.035968721662993995
0.053	-0.03645348133547921
0.0531	-0.03693678078320401
0.0532	-0.037418621883022626
0.0533	-0.0378990036985202
0.0534	-0.0383779222286829
0.0535	-0.03885537017132193
0.0536	-0.03933133667355857
0.0537	-0.03980580714101956
0.0538	-0.040278763004303365
0.0539	-0.040750181551841694
0.054	-0.041220035764230875
0.0541	-0.041688294142310414
0.0542	-0.04215492062285653
0.0543	-0.042619874456510456
0.0544	-0.04308311013982391
0.0545	-0.043544577389804835
0.0546	-0.044004221137006916
0.0547	-0.044461981533109006
0.0548	-0.044917794044608106
0.0549	-0.0453715895208889
0.055	-0.04582329434779894
0.0551	-0.04627283062233217
0.0552	-0.046720116344207904
0.0553	-0.04716506568495226
0.0554	-0.04760758925076789
0.0555	-0.04804759440378578
0.0556	-0.04848498561249913
0.0557	-0.04891966480262588
0.0558	-0.049351531771979686
0.0559	-0.04978048459635612
0.056	-0.0502064200562145
0.0561	-0.05062923406996356
0.0562	-0.051048822147340266
0.0563	-0.05146507981197514
0.0564	-0.051877903049089145
0.0565	-0.0522871887074164
0.0566	-0.052692834928377875
0.0567	-0.053094741504202014
0.0568	-0.0534928102394278
0.0569	-0.05388694528555292
0.057	-0.05427705343133627
0.0571	-0.05466304436840225
0.0572	-0.05504483091601488
0.0573	-0.055422329235339504
0.0574	-0.055795458964389526
0.0575	-0.05616414338411334
0.0576	-0.05652830949142912
0.0577	-0.05688788809433745
0.0578	-0.05724281387417675
0.0579	-0.05759302538267251
0.058	-0.05793846509374225
0.0581	-0.058279079379685794
0.0582	-0.05861481851882405
0.0583	-0.05894563666553744
0.0584	-0.059271491820709135
0.0585	-0.059592345810269315
0.0586	-0.059908164241858665
0.0587	-0.06021891649507083
0.0588	-0.06052457564705835
0.0589	-0.0608251184681923
0.059	-0.061120525379539686
0.0591	-0.061410780397144746
0.0592	-0.06169587111520689
0.0593	-0.06197578864944148
0.0594	-0.062250527591665133
0.0595	-0.06252008596610731
0.0596	-0.06278446516287456
0.0597	-0.0630436698823805
0.0598	-0.06329770806191694
0.0599	-0.06354659079447068
0.06	-0.0637903322467526
0.0601	-0.06402894956294884
0.0602	-0.06426246275541991
0.0603	-0.06449089460321132
0.0604	-0.0647142705275757
0.0605	-0.06493261846818527
0.0606	-0.0651459687567265
0.0607	-0.06535435397527797
0.0608	-0.06555780881765307
0.0609	-0.06575636995450328
0.061	-0.0659500758894619
0.0611	-0.06613896681531596
0.0612	-0.06632308447219565
0.0613	-0.0665024720149674
0.0614	-0.06667717386392155
0.0615	-0.0668472356035377
0.0616	-0.06701270382021422
0.0617	-0.06717362600872451
0.0618	-0.06733005045616537
0.0619	-0.06748202611119315
0.062	-0.06762960252005079
0.0621	-0.06777282970353307
0.0622	-0.06791175808886185
0.0623	-0.0680464384161718
0.0624	-0.06817692167744306
0.0625	-0.06830325904760574
0.0626	-0.06842550181513003
0.0627	-0.06854370134345152
0.0628	-0.06865790900661187
0.0629	-0.06876817616274492
0.063	-0.06887455409735603
0.0631	-0.06897709400181436
0.0632	-0.06907584693047342
0.0633	-0.06917086378528843
0.0634	-0.0692621952812689
0.0635	-0.06934989192945586
0.0636	-0.06943400401585852
0.0637	-0.06951458157572163
0.0638	-0.06959167438879302
0.0639	-0.06966533195721988
0.064	-0.06973560348813027
0.0641	-0.06980253788889669
0.0642	-0.06986618374427318
0.0643	-0.0699265893104347
0.0644	-0.0699838025014644
0.0645	-0.07003787087825328
0.0646	-0.07008884163996372
0.0647	-0.07013676160340479
0.0648	-0.07018167720476635
0.0649	-0.07022363447995267
0.065	-0.07026267906314418
0.0651	-0.07029885616601976
0.0652	-0.07033221057684054
0.0653	-0.07036278665055831
0.0654	-0.07039062828632167
0.0655	-0.07041577894926003
0.0656	-0.07043828161923489
0.0657	-0.07045817882117342
0.0658	-0.07047551259587043
0.0659	-0.07049032450291438
0.066	-0.070502655604755
0.0661	-0.07051254647256698
0.0662	-0.07052003716466371
0.0663	-0.07052516724622604
0.0664	-0.07052797575251485
0.0665	-0.070528501208362
0.0666	-0.07052678162048091
0.0667	-0.07052285446765812
0.0668	-0.07051675670767597
0.0669	-0.07050852476785886
0.067	-0.07049819455024213
0.0671	-0.07048580142520698
0.0672	-0.07047138023410877
0.0673	-0.07045496528697125
0.0674	-0.07043659037625588
0.0675	-0.07041628876080477
0.0676	-0.07039409317862062
0.0677	-0.07037003584082809
0.0678	-0.0703441484483707
0.0679	-0.07031646217706924
0.068	-0.07028700769944479
0.0681	-0.07025581517599329
0.0682	-0.0702229142644027
0.0683	-0.0701883341226088
0.0684	-0.07015210341450971
0.0685	-0.07011425031363147
0.0686	-0.07007480251468147
0.0687	-0.07003378722656592
0.0688	-0.06999123119153934
0.0689	-0.06994716068231482
0.069	-0.06990160151306302
0.0691	-0.0698545790381514
0.0692	-0.0698061181713725
0.0693	-0.06975624338072972
0.0694	-0.06970497869772246
0.0695	-0.06965234772926862
0.0696	-0.06959837365216255
0.0697	-0.06954307923834445
0.0698	-0.06948648684178026
0.0699	-0.06942861841660405
0.07	-0.0693694955264006
0.0701	-0.06930913933416644
0.0702	-0.06924757063274689
0.0703	-0.0691848098314283
0.0704	-0.06912087697161327
0.0705	-0.0690557917333987
0.0706	-0.06898957344062501
0.0707	-0.06892224106198885
0.0708	-0.06885381323149393
0.0709	-0.06878430823697097
0.071	-0.0687137440416347
0.0711	-0.06864213827666428
0.0712	-0.06856950826398733
0.0713	-0.06849587100225882
0.0714	-0.06842124319014732
0.0715	-0.06834564122270884
0.0716	-0.06826908119721978
0.0717	-0.06819157892684743
0.0718	-0.06811314993453386
0.0719	-0.0680338094667412
0.072	-0.067953572496643
0.0721	-0.06787245372875858
0.0722	-0.0677904676087511
0.0723	-0.06770762831599525
0.0724	-0.0676239497827942
0.0725	-0.06753944569390892
0.0726	-0.06745412948942058
0.0727	-0.06736801437090273
0.0728	-0.06728111330766133
0.0729	-0.0671934390369329
0.073	-0.06710500407750543
0.0731	-0.06701582072234216
0.0732	-0.066925901052354
0.0733	-0.06683525693345993
0.0734	-0.06674390002463541
0.0735	-0.06665184178493486
0.0736	-0.06655909347212807
0.0737	-0.06646566614727832
0.0738	-0.06637157068358943
0.0739	-0.06627681775840523
0.074	-0.06618141787872707
0.0741	-0.06608538135568508
0.0742	-0.065988718332307
0.0743	-0.06589143877851816
0.0744	-0.06579355248815756
0.0745	-0.06569506909542816
0.0746	-0.06559599806504753
0.0747	-0.06549634870268622
0.0748	-0.0653961301618725
0.0749	-0.0652953514321475
0.075	-0.0651940213620322
0.0751	-0.06509214864454728
0.0752	-0.0649897418305038
0.0753	-0.06488680932544891
0.0754	-0.06478335939631029
0.0755	-0.06467940017594755
0.0756	-0.06457493965878308
0.0757	-0.06446998570603422
0.0758	-0.06436454605483127
0.0759	-0.06425862830920848
0.076	-0.06415223995092502
0.0761	-0.06404538834128409
0.0762	-0.06393808071928989
0.0763	-0.06383032420668121
0.0764	-0.06372212581033569
0.0765	-0.06361349242201148
0.0766	-0.06350443082480735
0.0767	-0.06339494769259567
0.0768	-0.06328504958937461
0.0769	-0.0631747429769315
0.077	-0.06306403421132657
0.0771	-0.062952929548625
0.0772	-0.06284143514676993
0.0773	-0.0627295570659074
0.0774	-0.06261730126810397
0.0775	-0.06250467362261632
0.0776	-0.06239167990759895
0.0777	-0.062278325810729035
0.0778	-0.06216461692931576
0.0779	-0.06205055877087945
0.078	-0.06193615676655343
0.0781	-0.061821416251427806
0.0782	-0.06170634248734361
0.0783	-0.061590940648100626
0.0784	-0.061475215833082145
0.0785	-0.0613591730608838
0.0786	-0.06124281727401308
0.0787	-0.06112615333923167
0.0788	-0.06100918604747284
0.0789	-0.06089192012020948
0.079	-0.060774360206218424
0.0791	-0.06065651088083118
0.0792	-0.06053837665602643
0.0793	-0.06041996196993615
0.0794	-0.060301271198459135
0.0795	-0.06018230865174977
0.0796	-0.0600630785719369
0.0797	-0.0599435851418226
0.0798	-0.05982383248081603
0.0799	-0.05970382464831646
0.08	-0.059583565640335207
0.0801	-0.059463059396276635
0.0802	-0.05934230980108826
0.0803	-0.05922132067701677
0.0804	-0.05910009579075019
0.0805	-0.058978638860360866
0.0806	-0.05885695354159671
0.0807	-0.0587350434429799
0.0808	-0.05861291211785632
0.0809	-0.05849056306921432
0.081	-0.05836799974966001
0.0811	-0.0582452255614009
0.0812	-0.05812224385758382
0.0813	-0.057999057945116894
0.0814	-0.057875671082815376
0.0815	-0.057752086482110894
0.0816	-0.05762830731036764
0.0817	-0.057504336688948075
0.0818	-0.05738017769410965
0.0819	-0.057255833361633965
0.082	-0.057131306684043245
0.0821	-0.05700660060776405
0.0822	-0.05688171804255137
0.0823	-0.056756661855279424
0.0824	-0.05663143487536832
0.0825	-0.05650603988794499
0.0826	-0.056380479644495544
0.0827	-0.056254756856523744
0.0828	-0.056128874196992314
0.0829	-0.05600283430300802
0.083	-0.055876639775201166
0.0831	-0.05575029317997493
0.0832	-0.055623797047202335
0.0833	-0.055497153871345885
0.0834	-0.05537036611460599
0.0835	-0.05524343620540107
0.0836	-0.05511636653713184
0.0837	-0.054989159474247255
0.0838	-0.05486181734678722
0.0839	-0.05473434245444318
0.084	-0.054606737064448505
0.0841	-0.054479003416245196
0.0842	-0.05435114371681802
0.0843	-0.05422316014747493
0.0844	-0.05409505485203854
0.0845	-0.05396682995642407
0.0846	-0.05383848755166933
0.0847	-0.053710029703743785
0.0848	-0.05358145844906005
0.0849	-0.05345277579952594
0.085	-0.05332398373946766
0.0851	-0.053195084225683045
0.0852	-0.053066079194365
0.0853	-0.052936970549313886
0.0854	-0.052807760175480584
0.0855	-0.05267844993030602
0.0856	-0.05254904164673734
0.0857	-0.052419537136439
0.0858	-0.05228993818456726
0.0859	-0.05216024655618175
0.086	-0.0520304639919132
0.0861	-0.05190059220851749
0.0862	-0.051770632904853155
0.0863	-0.05164058775474323
0.0864	-0.05151045841131871
0.0865	-0.05138024650570374
0.0866	-0.051249953651331684
0.0867	-0.05111958143786385
0.0868	-0.050989131436189536
0.0869	-0.05085860519797859
0.087	-0.05072800425388237
0.0871	-0.050597330116056057
0.0872	-0.05046658427568338
0.0873	-0.05033576820990182
0.0874	-0.050204883371599694
0.0875	-0.050073931199799415
0.0876	-0.04994291311471917
0.0877	-0.04981183051532319
0.0878	-0.04968068478888316
0.0879	-0.04954947730138343
0.088	-0.04941820940233676
0.0881	-0.049286882425833956
0.0882	-0.049155497688323675
0.0883	-0.04902405649189141
0.0884	-0.048892560119702
0.0885	-0.048761009841275335
0.0886	-0.048629406909480574
0.0887	-0.048497752562655844
0.0888	-0.0483660480238951
0.0889	-0.04823429450115828
0.089	-0.0481024931879516
0.0891	-0.047970645262451976
0.0892	-0.04783875188630812
0.0893	-0.047706814214072205
0.0894	-0.047574833380590126
0.0895	-0.047442810508272884
0.0896	-0.0473107467052571
0.0897	-0.0471786430682298
0.0898	-0.047046500681107245
0.0899	-0.046914320610910665
0.09	-0.04678210391395745
0.0901	-0.046649851635884254
0.0902	-0.04651756480862885
0.0903	-0.04638524445048222
0.0904	-0.04625289156893449
0.0905	-0.046120507158744765
0.0906	-0.04598809220396692
0.0907	-0.04585564767486263
0.0908	-0.04572317453316166
0.0909	-0.045590673726215274
0.091	-0.04545814619287137
0.0911	-0.04532559285914689
0.0912	-0.045193014640960275
0.0913	-0.045060412442578586
0.0914	-0.044927787158864946
0.0915	-0.04479513967423573
0.0916	-0.044662470860746595
0.0917	-0.04452978158127076
0.0918	-0.044397072690736436
0.0919	-0.044264345032058075
0.092	-0.04413159943735124
0.0921	-0.043998836731987824
0.0922	-0.043866057728767914
0.0923	-0.04373326323254982
0.0924	-0.04360045404002783
0.0925	-0.04346763093560004
0.0926	-0.043334794699380355
0.0927	-0.04320194609611063
0.0928	-0.04306908588632641
0.0929	-0.04293621482161965
0.093	-0.04280333364326837
0.0931	-0.04267044308413692
0.0932	-0.04253754387102188
0.0933	-0.04240463671886973
0.0934	-0.042271722336908624
0.0935	-0.04213880142545043
0.0936	-0.04200587467890557
0.0937	-0.04187294277963997
0.0938	-0.04174000640468443
0.0939	-0.04160706622465247
0.094	-0.041474122899060495
0.0941	-0.04134117708236746
0.0942	-0.04120822942453148
0.0943	-0.0410752805615664
0.0944	-0.04094233112582206
0.0945	-0.04080938174226555
0.0946	-0.040676433028869856
0.0947	-0.04054348559867167
0.0948	-0.0404105400526579
0.0949	-0.0402775969909198
0.095	-0.04014465700198745
0.0951	-0.04001172067021622
0.0952	-0.03987878857419327
0.0953	-0.03974586128447511
0.0954	-0.03961293936478477
0.0955	-0.03948002337359252
0.0956	-0.03934711386334394
0.0957	-0.03921421137973452
0.0958	-0.03908131646353434
0.0959	-0.03894842964669622
0.096	-0.03881555145747033
0.0961	-0.03868268241897967
0.0962	-0.03854982304635889
0.0963	-0.038416973851090996
0.0964	-0.0382841353373694
0.0965	-0.03815130800415192
0.0966	-0.038018492345806766
0.0967	-0.03788568884909481
0.0968	-0.03775289799816621
0.0969	-0.037620120269892754
0.097	-0.03748735613720416
0.0971	-0.03735460606669923
0.0972	-0.03722187051999668
0.0973	-0.03708914995422132
0.0974	-0.03695644482018214
0.0975	-0.03682375556572275
0.0976	-0.036691082633800574
0.0977	-0.03655842645837571
0.0978	-0.03642578747438727
0.0979	-0.03629316610822238
0.098	-0.036160562782251215
0.0981	-0.03602797791580081
0.0982	-0.03589541192054955
0.0983	-0.03576286520774714
0.0984	-0.03563033818056687
0.0985	-0.03549783124034727
0.0986	-0.03536534478113711
0.0987	-0.035232879195545234
0.0988	-0.035100434871941893
0.0989	-0.034968012189977596
0.099	-0.03483561153177571
0.0991	-0.034703233270102885
0.0992	-0.03457087777635452
0.0993	-0.034438545415937716
0.0994	-0.034306236553526645
0.0995	-0.03417395154586135
0.0996	-0.0340416907482661
0.0997	-0.03390945451123371
0.0998	-0.03377724318249621
0.0999	-0.03364505710468397
0.1	-0.03351289661776969
0.1001	-0.033380762056993765
0.1002	-0.03324865375511092
0.1003	-0.033116572040952766
0.1004	-0.03298451723913056
0.1005	-0.03285248966984739
0.1006	-0.03272048965438178
0.1007	-0.032588517503990846
0.1008	-0.03245657353103621
0.1009	-0.03232465804373788
0.101	-0.03219277134637001
0.1011	-0.03206091373952329
0.1012	-0.031929085522074914
0.1013	-0.031797286987939176
0.1014	-0.03166551842736538
0.1015	-0.03153378013173118
0.1016	-0.031402072382592294
0.1017	-0.031270395464453815
0.1018	-0.031138749655832933
0.1019	-0.031007135232741227
0.102	-0.03087555246803872
0.1021	-0.030744001631661175
0.1022	-0.030612482989936487
0.1023	-0.030480996809316013
0.1024	-0.03034954334887723
0.1025	-0.030218122868037586
0.1026	-0.030086735623386582
0.1027	-0.029955381866354026
0.1028	-0.029824061848071064
0.1029	-0.02969277581520524
0.103	-0.029561524013700248
0.1031	-0.0294303066859355
0.1032	-0.029299124069109263
0.1033	-0.02916797640295627
0.1034	-0.02903686391986111
0.1035	-0.028905786852361587
0.1036	-0.028774745429586097
0.1037	-0.028643739878623547
0.1038	-0.02851277042364342
0.1039	-0.028381837286230754
0.104	-0.028250940685743915
0.1041	-0.028120080839954327
0.1042	-0.02798925796368993
0.1043	-0.027858472268617252
0.1044	-0.027727723964381303
0.1045	-0.027597013259876922
0.1046	-0.027466340360935235
0.1047	-0.027335705469452097
0.1048	-0.02720510878651758
0.1049	-0.027074550512099102
0.105	-0.026944030842509972
0.1051	-0.026813549970960953
0.1052	-0.026683108091347683
0.1053	-0.026552705393414856
0.1054	-0.026422342065788546
0.1055	-0.026292018293691516
0.1056	-0.026161734261233065
0.1057	-0.0260314901513517
0.1058	-0.025901286145310048
0.1059	-0.02577112241633707
0.106	-0.025640999145248845
0.1061	-0.025510916504271702
0.1062	-0.025380874667161966
0.1063	-0.025250873802503217
0.1064	-0.025120914079285874
0.1065	-0.02499099566457324
0.1066	-0.024861118721947753
0.1067	-0.0247312834156303
0.1068	-0.02460148990621741
0.1069	-0.02447173835283006
0.107	-0.02434202891357918
0.1071	-0.02421236174300716
0.1072	-0.024082736996516273
0.1073	-0.023953154825900515
0.1074	-0.023823615382482205
0.1075	-0.023694118813634094
0.1076	-0.023564665268511614
0.1077	-0.023435254890737372
0.1078	-0.02330588782604909
0.1079	-0.023176564216188144
0.108	-0.023047284200976747
0.1081	-0.022918047921971788
0.1082	-0.02278885551493301
0.1083	-0.022659707115710193
0.1084	-0.022530602859499402
0.1085	-0.022401542880044718
0.1086	-0.02227252730748069
0.1087	-0.022143556272110478
0.1088	-0.02201462990357308
0.1089	-0.021885748326465736
0.109	-0.02175691166845442
0.1091	-0.02162812005375126
0.1092	-0.02149937360402004
0.1093	-0.021370672441161705
0.1094	-0.021242016685482423
0.1095	-0.021113406454997867
0.1096	-0.020984841865455805
0.1097	-0.020856323035364596
0.1098	-0.020727850077881943
0.1099	-0.020599423105982284
0.11	-0.0204710422316675
0.1101	-0.020342707565894073
0.1102	-0.020214419216895426
0.1103	-0.020086177294358243
0.1104	-0.01995798190339865
0.1105	-0.019829833150060427
0.1106	-0.01970173113780352
0.1107	-0.01957367597187145
0.1108	-0.019445667751251658
0.1109	-0.019317706577814262
0.111	-0.01918979255112967
0.1111	-0.019061925769275012
0.1112	-0.018934106328257462
0.1113	-0.0188063343253626
0.1114	-0.01867860985400404
0.1115	-0.018550933008120808
0.1116	-0.018423303880168877
0.1117	-0.018295722563086182
0.1118	-0.018168189144222864
0.1119	-0.01804070371461253
0.112	-0.017913266361534876
0.1121	-0.017785877171751327
0.1122	-0.01765853623246978
0.1123	-0.017531243626589334
0.1124	-0.017403999439739515
0.1125	-0.017276803753240744
0.1126	-0.017149656650092996
0.1127	-0.017022558210171474
0.1128	-0.016895508512772578
0.1129	-0.016768507637202622
0.113	-0.016641555661038067
0.1131	-0.016514652661247964
0.1132	-0.016387798713089985
0.1133	-0.016260993893132944
0.1134	-0.016134238272825892
0.1135	-0.016007531926089454
0.1136	-0.01588087492518017
0.1137	-0.015754267341039598
0.1138	-0.015627709242518995
0.1139	-0.015501200702850847
0.114	-0.015374741784963059
0.1141	-0.015248332560344252
0.1142	-0.015121973093882754
0.1143	-0.014995663451349589
0.1144	-0.014869403698276166
0.1145	-0.014743193897882449
0.1146	-0.014617034113088258
0.1147	-0.014490924407189994
0.1148	-0.01436486484124617
0.1149	-0.014238855475754594
0.115	-0.014112896370560306
0.1151	-0.013986987584633187
0.1152	-0.013861129176084503
0.1153	-0.013735321202158321
0.1154	-0.013609563720613449
0.1155	-0.013483856785907859
0.1156	-0.013358200453737427
0.1157	-0.013232594778469015
0.1158	-0.01310703981288652
0.1159	-0.012981535610453392
0.116	-0.012856082223261595
0.1161	-0.01273067970203505
0.1162	-0.012605328098228223
0.1163	-0.01248002746046973
0.1164	-0.012354777839806066
0.1165	-0.012229579281468459
0.1166	-0.012104431836243195
0.1167	-0.011979335550422614
0.1168	-0.011854290468978852
0.1169	-0.011729296638360337
0.117	-0.011604354103908978
0.1171	-0.011479462910199733
0.1172	-0.011354623099167804
0.1173	-0.011229834715142608
0.1174	-0.011105097799152395
0.1175	-0.010980412394322368
0.1176	-0.01085577854078538
0.1177	-0.010731196278924661
0.1178	-0.010606665649438485
0.1179	-0.010482186689711634
0.118	-0.010357759439198665
0.1181	-0.01023338393616701
0.1182	-0.010109060215873237
0.1183	-0.009984788317389448
0.1184	-0.009860568275174232
0.1185	-0.009736400125660565
0.1186	-0.00961228390239749
0.1187	-0.009488219641657879
0.1188	-0.0093642073746627
0.1189	-0.009240247137094206
0.119	-0.009116338959303659
0.1191	-0.00899248287472438
0.1192	-0.00886867891395483
0.1193	-0.008744927107856048
0.1194	-0.008621227486984292
0.1195	-0.008497580081509401
0.1196	-0.008373984919868639
0.1197	-0.008250442032202338
0.1198	-0.00812695144457563
0.1199	-0.008003513186194673
0.12	-0.007880127284838924
0.1201	-0.007756793763924056
0.1202	-0.007633512653259232
0.1203	-0.007510283976616925
0.1204	-0.007387107759514119
0.1205	-0.007263984026263721
0.1206	-0.007140912801220861
0.1207	-0.007017894108367627
0.1208	-0.006894927970551091
0.1209	-0.006772014409511241
0.121	-0.006649153448861805
0.1211	-0.006526345109451804
0.1212	-0.006403589413177674
0.1213	-0.006280886380126386
0.1214	-0.006158236031678085
0.1215	-0.006035638386815265
0.1216	-0.005913093465357672
0.1217	-0.0057906012858411175
0.1218	-0.005668161866763986
0.1219	-0.005545775226910936
0.122	-0.005423441384528597
0.1221	-0.00530116035528916
0.1222	-0.005178932156548687
0.1223	-0.005056756805063554
0.1224	-0.004934634317058477
0.1225	-0.004812564707566466
0.1226	-0.004690547991119817
0.1227	-0.004568584183622205
0.1228	-0.004446673299077314
0.1229	-0.004324815351210163
0.123	-0.004203010353363933
0.1231	-0.004081258320173718
0.1232	-0.0039595592621722965
0.1233	-0.0038379131929881394
0.1234	-0.003716320124584995
0.1235	-0.0035947800684567456
0.1236	-0.003473293035840702
0.1237	-0.0033518590367073585
0.1238	-0.0032304780829603306
0.1239	-0.003109150184114881
0.124	-0.0029878753495124386
0.1241	-0.0028666535892550317
0.1242	-0.002745484912776275
0.1243	-0.002624369326859566
0.1244	-0.0025033068424201305
0.1245	-0.002382297465371442
0.1246	-0.0022613412037281143
0.1247	-0.0021404380649203796
0.1248	-0.002019588056398416
0.1249	-0.0018987911839950897
0.125	-0.001778047456322622
0.1251	-0.001657356875766156
0.1252	-0.0015367194506943635
0.1253	-0.0014161351839405052
0.1254	-0.001295604083712894
0.1255	-0.0011751261515580093
0.1256	-0.0010547013947570874
0.1257	-0.0009343298146676481
0.1258	-0.0008140114160666295
0.1259	-0.0006937462027348246
0.126	-0.0005735341781349963
0.1261	-0.0004533753438730278
0.1262	-0.0003332697027879855
0.1263	-0.0002132172573927699
0.1264	-9.321801015570482e-5
0.1265	2.672803823443722e-5
0.1266	0.00014662088617541354
0.1267	0.00026646053271433553
0.1268	0.00038624697687556246
0.1269	0.0005059802166814103
0.127	0.0006256602557728674
0.1271	0.0007452870899242216
0.1272	0.0008648607218683746
0.1273	0.0009843811529223012
0.1274	0.0011038483817263094
0.1275	0.0012232624110978488
0.1276	0.0013426232408940693
0.1277	0.0014619308749999698
0.1278	0.001581185313406111
0.1279	0.0017003865589920062
0.128	0.0018195346141559945
0.1281	0.0019386294827670797
0.1282	0.002057671165017368
0.1283	0.002176659667283949
0.1284	0.002295594990617679
0.1285	0.0024144771398754857
0.1286	0.002533306118466896
0.1287	0.0026520819316027113
0.1288	0.002770804582718252
0.1289	0.0028894740765002176
0.129	0.0030080904183237083
0.1291	0.0031266536127572764
0.1292	0.0032451636649610737
0.1293	0.0033636205822099893
0.1294	0.003482024368679396
0.1295	0.003600375030289734
0.1296	0.0037186725748299078
0.1297	0.003836917007223604
0.1298	0.0039551083345282815
0.1299	0.0040732465640992
0.13	0.00419133170252744
