0.00027599002258149596	0.0001264294199045929	7.30319551583262e-9
0.0011039296221273531	0.0005056969134127188	1.1675970414222594e-7
0.0024837273974114282	0.001137740855890622	5.903248505027432e-7
0.004415231024265331	0.0020224604972265245	1.8623101286450677e-6
0.006898227272397861	0.003159719426270995	4.53597646840675e-6
0.00993244202893262	0.004549351362320688	9.37879353986034e-6
0.013517540328669142	0.006191169216719539	1.7316393966254258e-5
0.01765312639106309	0.00808497858121569	2.9425259772795136e-5
0.02233874366392019	0.010230596995386133	4.6924187027991815e-5
0.027573874873791482	0.01262788050286308	7.116458349079312e-5
0.033357942083085845	0.015276759118518148	0.00010361966322233386
0.03969030675386609	0.01817728288751617	0.00014587261162356905
0.04657026981834633	0.02132968021507104	0.00019960380429139983
0.05399707175606139	0.024734430073738926	0.0002665771735196355
0.06196989267771702	0.02839234954713513	0.00034862582727211266
0.07048785241570332	0.03230469793441073	0.00044763703707522833
0.07955001062125966	0.03647329831341793	0.0005655367235537055
0.08915536686828673	0.040900677034416404	0.0007042735812653993
0.09930286076379158	0.04559022108595098	0.0008658029980352876
0.10999137206494325	0.0505463526353288	0.0010520709380369535
0.12121972080275434	0.05577471929696588	0.0012649979722532574
0.13298666741233411	0.06128239782489721	0.0015064636543887899
0.14529091286973994	0.06707810796850376	0.0017782914544448513
0.15813109883537813	0.07317243218569809	0.0020822344754917667
0.17150580780396307	0.0795780357948921	0.0024199621910632094
0.18541356326100278	0.08630988099931683	0.0027930484502774193
0.19985282984580088	0.09338542707305615	0.003202961004300232
0.2148220135209531	0.10082480790868345	0.003651052810010788
0.23031946174832107	0.10865097715447646	0.004138555363458535
0.2463434636714723	0.1168898103855227	0.00466657430548549
0.262892250304545	0.12557015323215936	0.0052360875231848535
0.27996399472754163	0.1347238042055426	0.005847945942059089
0.29755681228800857	0.14438542118408845	0.0065028771631260055
0.31566876080910156	0.15459234120259044	0.0072014920451638625
0.3342978408039867	0.16538430435153495	0.007944294263334484
0.3534419956965813	0.17680307424640396	0.008731692790300519
0.3730991120485889	0.18889194963306477	0.009564017143954849
0.3932670197928161	0.2016951641959648	0.010441535126921546
0.4139434924727343	0.2152571744437992	0.011364472647873125
0.43512624748828266	0.22962183855942575	0.012333035065516489
0.45681294634784386	0.24483149221238706	0.013347429336390866
0.47900119492641746	0.2609259304439912	0.014407886082701538
0.5016885437299106	0.2779413077660061	0.015514680533649555
0.5248724881655615	0.2959089715007287	0.016668151142549263
0.54855046881843	0.3148542460908096	0.017868714553989924
0.5727198717339501	0.3347951886017505	0.019116875503652275
0.5973780287065003	0.35574133789757306	0.02041323019243436
0.6225222175739589	0.3776924819776116	0.021758461700844712
0.6481496625182261	0.4006374696762868	0.02315332611244787
0.6742575343716579	0.4245530942983348	0.024598628206961622
0.7008429509293972	0.4494030777221478	0.026095185870288397
0.7279029772675569	0.47513718395797083	0.027643782749980417
0.7554346260672267	0.5016904910174765	0.02924510915245247
0.7834348579442558	0.5289828491359203	0.030899691716408086
0.8119005817847924	0.5569185518116762	0.032607812981303066
0.8408286550865318	0.5853862437392884	0.034369422569256895
0.8702158843056313	0.6142590864787745	0.036184042278269914
0.9000590252092691	0.6433951986402642	0.03805066790725676
0.9303547832337937	0.6726383825074732	0.03996767106478138
0.9610998138484259	0.7018191434686408	0.04193270452454594
0.9922907229244906	0.7307560024816728	0.04394261486100293
1.023924067110105	0.7592570952244304	0.04599336611710353
1.0559963542103223	0.7871220447411158	0.04807997812266677
1.0885040435726436	0.8141440874850551	0.050196482804849764
1.121443546477901	0.8401124258744681	0.052335901427772474
1.154811226536434	0.8648147740262228	0.054490245187419406
1.188603400089534	0.8880400574036347	0.056650540993718086
1.2228163366161042	0.9095812219020077	0.05880688361733546
1.2574462591444946	0.9292381035588678	0.06094851468584991
1.2924893446694643	0.946820306764734	0.06306392830164056
1.3279417245742282	0.962150036684012	0.06514100233851658
1.363799485057534	0.9750648306634686	0.0671671537699013
1.4000586675657307	0.9854201337681899	0.06912951570070158
1.4367152692297793	0.9930916652688085	0.07101513312936257
1.4737652433071515	0.9979775259019863	0.0728111738671888
1.5112044996285734	1.0	0.07450515050009644
1.5490289050495667	0.99910701205839	0.07608514880497777
1.5872342839067293	0.9952732038732344	0.07754005764019996
1.6258164184787116	0.9885006058987429	0.07885979502849116
1.6647710494518364	0.9788188847711192	0.0800355249506682
1.7040938763903108	0.9662851578240969	0.08105985927889611
1.743780558210978	0.9509833746645133	0.0819270393052925
1.7838267136625525	0.9330232752404044	0.08263309147029177
1.8242279218092952	0.9125389430713915	0.08317595216803798
1.8649797225190663	0.889686981167737	0.08355555690445438
1.9060776169557077	0.8646443463892809	0.0837738896083146
1.947517068075694	0.8376058853553694	0.08383498854803495
1.9892935011290032	0.8087816212945016	0.08374490609062549
2.031402304164156	0.778393846239916	0.08351162046127128
2.073838828537353	0.7466740765853445	0.08314489873352546
2.116598389425665	0.7138599321207507	0.08265611151598311
2.1596762663442206	0.6801919992145802	0.08205800121756018
2.203067703667333	0.6459107378059655	0.08136440738214777
2.246767911153495	0.6112534893642322	0.0805899543836025
2.290772064474205	0.5764516390708103	0.07974970873812336
2.3350753057465563	0.5417279803290447	0.07885881535837548
2.379672744069526	0.5072943234948329	0.07793212412483783
2.4245594560639088	0.47334938366326024	0.076983820006024
2.4697304864158425	0.44007697468429785	0.07602707138303887
2.5151808484238525	0.40764452855963484	0.07507371194852418
2.560905524549363	0.3762019512489075	0.0741339712786592
2.606899466970617	0.3458808179267401	0.07321626770044201
2.6531575981399316	0.31679390310361727	0.07232707429890696
2.699674811344239	0.28903503395707103	0.07147086491385525
2.746445971268851	0.26267924887593114	0.07065014205378628
2.7934659145643743	0.23778323772311086	0.06986554328551393
2.840729450416723	0.21438603575679369	0.06911601744182991
2.8882313611201678	0.19250993954381157	0.06839905754192721
2.935966402653343	0.17216161053214038	0.06771097415330249
2.983929305258176	0.15333333014274259	0.06704719135418002
3.032114774021635	0.13600436914734376	0.06640254754910735
3.080517489460277	0.12014243349880933	0.06577158497466216
3.1291321081074894	0.10570514836775742	0.06514881445302421
3.1779532631033938	0.09264154152253586	0.06452894535918037
3.226975564787322	0.08089348591518183	0.06390707440721928
3.276193601292814	0.0703970589826548	0.06327883034182533
3.3256019391450686	0.0610837726059027	0.06264047465840779
3.375195123860774	0.05288162361486061	0.06198896090338607
3.4249676805502602	0.04571591283517178	0.06132195686628774
3.474914114521912	0.03950978713243916	0.060637835091318745
3.525028911888752	0.03418448495314808	0.05993563768554705
3.5753065401771575	0.029659326718867188	0.05921502148886875
3.6257414489376223	0.025851597789002565	0.0584761894094164
3.676328070357502	0.02267660910124275	0.05771981322223872
3.7270608198756836	0.020048323913425606	0.05694695246989628
3.7779340967990915	0.01788089577420972	0.05615897336497332
3.828942284920988	0.016091188348170228	0.05535747083340089
3.880079753140976	0.014601908525429648	0.054544196095832664
3.931340856086652	0.013344626702583337	0.05372099149159718
3.9827199347368314	0.012261932412213359	0.052889733625433345
4.034211317046283	0.011308299954318025	0.05205228537304274
4.085809318571902	0.010449692343909727	0.05121045682332724
4.137508243100247	0.009662257536832594	0.05036597486432145
4.1893023832763765	0.008930569092108587	0.04952046083409429
4.241186021233924	0.008245789609847164	0.048675415452382825
4.293153429226325	0.007603994452877831	0.04783221011643639
4.345198870259138	0.007004760817534121	0.04699208357696995
4.397316598723385	0.0064500323673676975	0.04615614299763161
4.449500861029842	0.005943212209422428	0.04532536843384476
4.501745896244217	0.005488407615694108	0.04450061983404271
4.554045936723131	0.005089742785358722	0.04368264575824555
4.606395208750843	0.00475067395989358	0.042872093116433294
4.658787933176645	0.004473292593944664	0.04206951734409128
4.711218326052858	0.004257685982118314	0.0412753925477015
4.763680599273356	0.0041015086064672785	0.04049012126329684
4.816168961212551	0.003999936188470736	0.03971404357232293
4.868677617364765	0.003946078465033559	0.03894744540817137
4.921200770983918	0.003931752628252832	0.038190565962286184
4.973732623723469	0.0039483836226976285	0.037443604160184205
5.02626737627653	0.003987789510000102	0.036706724225413906
5.078799229016082	0.0040427109850904	0.035980060384354154
5.131322382635235	0.004107066639078525	0.03526372078827512
5.183831038787449	0.004175993423623849	0.0345577907429013
5.236319400726643	0.004245754014502041	0.03386233534160154
5.288781673947142	0.0043135807240076846	0.03317740159803784
5.3412120668233545	0.004377502658548831	0.03250302016926314
5.393604791249157	0.004436182132502361	0.03183920675231554
5.445954063276869	0.00448877202063009	0.031185963227541736
5.498254103755783	0.004534797302435934	0.03054327861120961
5.550499138970158	0.004574059748866585	0.02991112986921612
5.6026834012766145	0.004606562878755375	0.029289482633448327
5.654801129740861	0.004632453818903012	0.02867829185299169
5.706846570773674	0.004651978846027021	0.02807750240413219
5.758813978766075	0.004665449788433758	0.02748704967608773
5.810697616723623	0.004673218930924723	0.026906860143647158
5.862491756899752	0.004675660508268197	0.026336851933319964
5.914190681428097	0.004673157259256786	0.025776935386118135
5.965788682953717	0.0046660908353328276	0.025227013617553286
6.017280065263169	0.004654835120659927	0.024686983073706946
6.068659143913348	0.004639751730344002	0.024156734081177408
6.1199202468590235	0.0046211871212084215	0.023636151388166392
6.171057715079011	0.004599470880430867	0.02312511469382807
6.222065903200908	0.004574914861161409	0.022623499163157545
6.272939180124316	0.004547812914077808	0.022131175925036915
6.323671929642497	0.00451844102673807	0.02164801255152108
6.374258551062377	0.004487057730148878	0.021173873516968096
6.4246934598228425	0.004453904669458294	0.020708620636147573
6.474971088111247	0.004419207263180255	0.020252113480973086
6.525085885478088	0.004383175397418622	0.019804209775966877
6.575032319449739	0.004346004117129819	0.019364765772964088
6.624804876139226	0.004307874289366778	0.018933636605890907
6.674398060854931	0.0042689532221936695	0.0185106766267002
6.723806398707186	0.004229395230887547	0.01809573972371179
6.773024435212678	0.004189342147985537	0.01768867962368882
6.822046736896606	0.004148923779061333	0.017289350178988843
6.870867891892511	0.004108258309210449	0.016897605641056312
6.919482510539723	0.004067452669220988	0.01651330092137558
6.967885225978364	0.004026602872485766	0.01613629184078966
7.016070694741823	0.003985794336914667	0.01576643536781169
7.064033597346656	0.0039451022074704755	0.015403589846222117
7.111768638879832	0.0039045916974226906	0.015047615211860918
7.159270549583276	0.003864318466835151	0.014698373198103484
7.206534085435625	0.0038243290582996377	0.014355727529063115
7.253554028731148	0.00378466140912664	0.014019544099105209
7.30032518865576	0.003745345459273987	0.01368969113680881
7.3468424018600675	0.0037064038719605533	0.013366039351087022
7.393100533029383	0.0036678528823164977	0.013048462056798124
7.439094475450636	0.003629703285246099	0.01273683527687314
7.484819151576148	0.0035919615703694416	0.012431037817771119
7.530269513584158	0.003554631205948066	0.012130951314976275
7.575440543936091	0.003517714068754046	0.011836460245296073
7.620327255930473	0.0034812120094040873	0.011547451902926257
7.664924694253442	0.0034451285364772875	0.011263816336634756
7.709227935525794	0.003409470594238086	0.010985446245995937
7.753232088846504	0.0033742504018213445	0.010712236835387716
7.796932296332666	0.0033394873127716874	0.010444085625446315
7.8403237336557785	0.0033052096467096545	0.010180892222846698
7.883401610574335	0.0032714564360453073	0.009922558050626853
7.926161171462647	0.0032382790241774575	0.009668986042771634
7.968597695835843	0.003205742443836614	0.009420080308376589
8.010706498870997	0.003173926499483264	0.009175745772377546
8.052482931924306	0.0031429264724877693	0.008935887801499658
8.093922383044292	0.003112853366881429	0.008700411825679351
8.135020277480933	0.00308383361342702	0.008469222966672438
8.175772078190706	0.0030560081557757164	0.008242225686803592
8.216173286337447	0.0030295308513578014	0.008019323471757647
8.256219441789021	0.003004566136770938	0.007800418561883438
8.295906123609688	0.002981285929232064	0.007585411746608342
8.335228950548164	0.002959865767182171	0.0073742022361898574
8.374183581521288	0.0029404802296769616	0.007166687624115151
8.412765716093269	0.0029232977192280396	0.006962763951979355
8.450971094950432	0.0029084747394205555	0.006762325886631348
8.488795500371426	0.0028961498481080957	0.006565267016796914
8.526234756692848	0.0028864375097895053	0.006371480273330504
8.56328473077022	0.0028794221065237264	0.006180858473788467
8.59994133243427	0.0028751523849871877	0.005993294988262446
8.636200514942466	0.002873636618696818	0.005808684519491569
8.672058275425771	0.0028748387412679626	0.005626923986326462
8.707510655330536	0.0028786756642104347	0.005447913495798412
8.742553740855506	0.0028850159289078867	0.00527155738550373
8.777183663383896	0.0028936797683410138	0.005097765314894519
8.811396599910465	0.0029044405720773238	0.004926453381501712
8.845188773463565	0.002917027672043683	0.004757545236213482
8.878556453522098	0.002931130298591055	0.0045909731705734555
8.911495956427355	0.002946402507880629	0.004426679148698594
8.944003645789678	0.00296246884978548	0.004264615756863302
8.976075932889893	0.0029789305366297726	0.004104747045035842
9.00770927707551	0.0029953718787660614	0.003947049236637826
9.038900186151574	0.003011366775742351	0.003791511285450374
9.069645216766206	0.003026485080507581	0.0036381352618125263
9.09994097479073	0.0030402986907987033	0.0034869365539320885
9.129784115694369	0.0030523872557934486	0.003337943874129903
9.159171344913467	0.003062343421276149	0.0031911990640354966
9.188099418215208	0.0030697775639137183	0.003046756697015687
9.216565142055746	0.0030743219911030808	0.002904683480327253
9.244565373932774	0.003075634599626991	0.002765057463528903
9.272097022732442	0.0030734020020168388	0.002627967063470786
9.299157049070601	0.003067342136964967	0.002493509919621108
9.325742465628341	0.0030572063881837653	0.0023617915965259174
9.351850337481773	0.0030427812373721354	0.0022329241527839494
9.377477782426041	0.0030238894806389593	0.002107024598024571
9.402621971293499	0.003000391035790079	0.0019842132609882266
9.427280128266048	0.0029721833697202694	0.0018646120929250772
9.45144953118157	0.002939201571977117	0.001748342931160042
9.475127511834438	0.002901418102042682	0.0016355257478417736
9.498311456270088	0.002858842234497009	0.0015262769086279344
9.520998805073582	0.0028115192280121536	0.0014207074653949366
9.543187053652156	0.002759529240898626	0.0013189215060360737
9.564873752511717	0.002702986018185225	0.0012210145830701487
9.586056507527266	0.0026420353721247707	0.0011270722411678637
9.606732980207184	0.0025768534806768395	0.0010371686618595181
9.626900887951411	0.0025076450254071774	0.0009513654416600434
9.646558004303419	0.002434641193141013	0.0008697105176788585
9.665702159196012	0.00235809756237756	0.0007922372525146561
9.684331239190898	0.002278291898456479	0.000718963687908103
9.70244318771199	0.0021955218777512608	0.0006498919742758683
9.720036005272458	0.0021101027641339696	0.0005850079809109339
9.737107749695454	0.002022365056731929	0.0005242810893381272
9.753656536328528	0.001932652130910659	0.0004676641700875586
9.769680538251679	0.0018413178896160651	0.00041509374101671864
9.785177986479047	0.0017487244450855141	0.0003664903032950625
9.8001471701542	0.0016552398455250289	0.0003217588492809868
9.814586436738995	0.0015612358642712358	0.0002807895347840029
9.828494192196036	0.001467085862926303	0.00024345850662618152
9.841868901164622	0.0013731627430443117	0.00020962887500456645
9.85470908713026	0.0012798369943098594	0.0001791518189154261
9.867013332587664	0.0011874748505747495	0.00015186781183487187
9.878780279197246	0.0010964365578765207	0.000127607953958539
9.890008627935057	0.0010070747625388642	0.00010619539658396232
9.900697139236208	0.0009197330195730866	8.744684366926785e-5
9.910844633131713	0.0008347444263915453	7.117411521549644e-5
9.92044998937874	0.0007524303782417169	5.718575689052642e-5
9.929512147584298	0.0006730994476988997	4.528868023252963e-5
9.938030107322284	0.0005970463810517702	3.5289817831514445e-5
9.946002928243939	0.0005245512119029135	2.6997778079698052e-5
9.953429730181654	0.0004558784815614438	2.0224484395632348e-5
9.960309693246135	0.0003912765654430279	1.4786784253525762e-5
9.966642057916914	0.00033097709209259775	1.050801387833569e-5
9.972426125126209	0.0002751944541402839	7.219505089467581e-6
9.97766125633608	0.00022412539494092544	4.762021481961584e-6
9.982346873608936	0.0001779486719462657	2.987111915046697e-6
9.98648245967133	0.00013682477722842115	1.7583701253629472e-6
9.990067557971066	0.0001008957204880482	9.525901880222422e-7
9.993101772727602	7.028484967431008e-5	4.608085055055324e-7
9.995584768975736	4.50967238553635e-5	1.8922400517284397e-7
9.997516272602589	2.541700135770228e-5	5.998926441662941e-8
9.998896070377873	1.131238252392305e-5	1.1866352168234911e-8
9.999724009977419	2.8305156441477364e-6	7.422709785770607e-10
