Generated by GetData Graph Digitizer 2.25.0.32 on November 29 2023, 15:04
from file 'D:\code\KEB\LST\Œƒœ◊∂‘±»\Malik\alpha=285.36\fgh.jpg'

Line #1
 6.94404259012789e-005    3.33314044326150e-003
 5.86771598865806e-002    1.65036745558707e-002
 9.23557664487009e-002    3.30767895376425e-002
 1.26034373010821e-001    4.96499045194143e-002
 1.76517562641051e-001    7.28430067704413e-002
 2.01863318095018e-001    8.94392685608474e-002
 2.35472484231237e-001    1.02679243099358e-001
 2.52346507725247e-001    1.12632370811874e-001
 3.02621376077773e-001    1.25826051733117e-001
 3.61367976390255e-001    1.45662866732249e-001
 4.03934957467739e-001    1.88877958451479e-001
 4.46085295989815e-001    2.12094207511139e-001
 4.96707366471848e-001    2.41953590648689e-001
 5.30455413459869e-001    2.61859846073722e-001
 5.97951507435912e-001    3.01672356923789e-001
 6.31699554423934e-001    3.21578612348822e-001
 6.82391065331867e-001    3.54771135929634e-001
 6.99751171807187e-001    3.88056246744980e-001
 7.42387593310572e-001    4.34604478907471e-001
 7.85024014813958e-001    4.81152711069961e-001
 8.18980383079683e-001    5.11058387824779e-001
 8.69949655691222e-001    5.57583473178635e-001
 9.46681326312135e-001    6.40703662982466e-001
 9.88970545686014e-001    6.70586192928650e-001
 1.00653897343904e+000    7.13870725073780e-001
 1.06542445460332e+000    7.40373820959435e-001
 1.09146461431630e+000    7.90301487182455e-001
 1.14243388692784e+000    8.36826572536312e-001
 1.24395578959551e+000    9.09877900584457e-001
 1.32013193680921e+000    9.66332966842197e-001
 1.36193507320178e+000    9.72883513685550e-001
 1.41227938198021e+000    9.89410335050055e-001
 1.45408251837278e+000    9.95960881893409e-001
 1.52081476766391e+000    9.99108847867600e-001
 1.55400729124472e+000    9.92349979746543e-001
 1.58706093397373e+000    9.78924830738962e-001
 1.62018401712864e+000    9.68832822174643e-001
 1.62837798738499e+000    9.62143394479486e-001
 1.64483536832359e+000    9.52097679532434e-001
 1.66108442798449e+000    9.32052543255599e-001
 1.70219316011805e+000    9.05271685666339e-001
 1.71865054105665e+000    8.95225970719287e-001
 1.77628609455471e+000    8.61732538626237e-001
 1.80885365430241e+000    8.24975406515826e-001
 1.84128233319831e+000    7.81551993518893e-001
 1.89037671431051e+000    7.38082286904693e-001
 1.94731786354956e+000    6.71257450379029e-001
 1.97148313176321e+000    6.31190324633991e-001
 2.00412013193681e+000    5.97766332966842e-001
 2.01946646606099e+000    5.34390370927608e-001
 2.06897748972860e+000    5.10919506972976e-001
 2.10953069845495e+000    4.57473525837625e-001
 2.15043110931080e+000    4.20693246918581e-001
 2.15029222845900e+000    4.14026966032058e-001
 2.17452693709855e+000    3.77292980730282e-001
 2.23167640761530e+000    3.20467565534402e-001
 2.27264625889705e+000    2.87020427058619e-001
 2.27993750361669e+000    2.37000173601065e-001
 2.32965684856200e+000    2.23528730976217e-001
 2.37847346797060e+000    1.66726462588971e-001
 2.42819281291592e+000    1.53255019964123e-001
 2.43610902146867e+000    1.33233030495920e-001
 2.46062149181182e+000    1.09831606967189e-001
 2.55964353914704e+000    6.28898790579249e-002
 2.63338927145420e+000    2.68502980151597e-003
 2.67491464614316e+000   -4.09698512817558e-003
 2.74116081245298e+000   -2.42810022568138e-002
 2.84921011515537e+000   -3.79144725420983e-002
 2.94080203691916e+000   -4.15022278803310e-002
 3.02406110757479e+000   -4.50668364099300e-002
 3.11600023146809e+000   -3.19888895318559e-002
 3.20766159365777e+000   -3.22435044268272e-002
 3.28272669405706e+000   -2.91186852612695e-002
 3.38292922863260e+000   -1.93970256350906e-002
 3.49139517389040e+000   -1.30316532608066e-002
 3.57472368497193e+000   -1.32631213471441e-002
 3.69152248133789e+000   -6.92089578149413e-003
 3.79991898616978e+000   -3.88866385047160e-003
 3.95831259765060e+000   -9.95312771251644e-004
 4.06677854290840e+000    5.37005960303216e-003
 4.14177420288178e+000    5.16173832532840e-003
 4.29190440368034e+000    1.14113766564434e-002
 4.36690006365372e+000    1.12030553787397e-002
 4.40856431919449e+000    1.10873213355709e-002
 4.56688849024941e+000    1.06475319715293e-002
 4.69188125687171e+000    1.03003298420230e-002
 4.82520687460216e+000    9.92998090388286e-003
 4.93353393900816e+000    9.62907239164390e-003
 5.04179156298825e+000    5.99502343614367e-003
 5.12505063364389e+000    2.43041490654483e-003
 5.26657022163069e+000   -4.62936172675188e-003
 5.36656443492853e+000   -4.90712343035704e-003
 5.46669752907818e+000    1.48139575256057e-003
 5.59162085527458e+000   -2.19894682020727e-003
 5.69154562814652e+000   -5.80984896707371e-003
 5.72501591343094e+000    7.63844684914083e-004
 5.75827787743765e+000   -2.66188299288239e-003

Line #2
 8.33285110815346e-003   -2.31468086338005e-005
 4.11781725594584e-002   -2.34477171459984e-002
 5.76355534980615e-002   -3.34934320930502e-002
 1.07285458017476e-001   -5.02980151611596e-002
 1.40200219894682e-001   -7.03894450552629e-002
 1.73323303049592e-001   -8.04814536195821e-002
 2.39361148081708e-001   -1.10664892078005e-001
 3.05329552687923e-001   -1.44181470979689e-001
 3.54910016781436e-001   -1.64319194491060e-001
 3.87963659510445e-001   -1.77744343498640e-001
 4.20947861813552e-001   -1.94502632949482e-001
 4.87124587697471e-001   -2.18019790521382e-001
 5.11637058040623e-001   -2.41421214050113e-001
 5.77536022220936e-001   -2.78270933395058e-001
 6.35449337422603e-001   -2.98431803715063e-001
 7.17944563393322e-001   -3.38660957120537e-001
 7.67663908338638e-001   -3.52132399745385e-001
 8.25646663966206e-001   -3.68960129622128e-001
 8.75574330189225e-001   -3.72432150917192e-001
 9.25432555986343e-001   -3.79237312655518e-001
 9.83762513743418e-001   -3.79399340315954e-001
 1.06743822695446e+000   -3.62965106185985e-001
 1.10958856547653e+000   -3.39748857126324e-001
 1.16000231468086e+000   -3.19888895318558e-001
 1.20243041490654e+000   -2.83340084485851e-001
 1.27055147271570e+000   -2.13529309646432e-001
 1.31304901336728e+000   -1.73647358370465e-001
 1.36387940512702e+000   -1.33788553903131e-001
 1.39804409467045e+000   -9.38834558185291e-002
 1.40665470748221e+000   -8.05740408541173e-002
 1.44054163532203e+000   -5.40015045425613e-002
 1.45776286094555e+000   -2.73826746137376e-002
 1.48366413980672e+000    1.58787107227591e-002
 1.52623112088421e+000    5.90938024419885e-002
 1.55213239974539e+000    1.02355187778485e-001
 1.58629708928881e+000    1.42260285863087e-001
 1.59504658295238e+000    1.62235981714021e-001
 1.63733580232625e+000    1.92118511660205e-001
 1.66316764076153e+000    2.32046756553440e-001
 1.68052774723685e+000    2.65331867368786e-001
 1.73163590070019e+000    3.18523233609166e-001
 1.74857936462010e+000    3.31809501764944e-001
 1.79954863723164e+000    3.78334587118801e-001
 1.86704473120768e+000    4.18147097968868e-001
 1.91801400381922e+000    4.64672183322724e-001
 2.00217580001157e+000    5.04438400555524e-001
 2.06078351947225e+000    5.17608934668133e-001
 2.15258376251374e+000    5.24020600659684e-001
 2.24396736299983e+000    5.10433423991667e-001
 2.34354493374226e+000    4.90156819628494e-001
 2.38451478502401e+000    4.56709681152711e-001
 2.48381459406284e+000    4.23100515016492e-001
 2.50784098142469e+000    3.76367108384931e-001
 2.54075574330189e+000    3.56275678490828e-001
 2.63179214165847e+000    3.26022799606504e-001
 2.66442914183207e+000    2.92598807939355e-001
 2.70560731439153e+000    2.69151090793357e-001
 2.74685492737689e+000    2.49036514090620e-001
 2.79650483189630e+000    2.32231931022510e-001
 2.83775244488166e+000    2.12117354319773e-001
 2.85407094496846e+000    1.95405358486199e-001
 2.90379028991378e+000    1.81933915861351e-001
 2.94510734332504e+000    1.65152479601875e-001
 2.97823042647995e+000    1.55060471037556e-001
 3.02788033099936e+000    1.38255887969446e-001
 3.04426827151207e+000    1.24877032579133e-001
 3.06891962270702e+000    1.08141889936925e-001
 3.14370696140270e+000    9.79341473294368e-002
 3.20182859788207e+000    8.77726983392166e-002
 3.24335397257103e+000    8.09906834095251e-002
 3.30140616862450e+000    6.74960939760432e-002
 3.34279266246166e+000    5.40477981598286e-002
 3.39278976911058e+000    5.39089173080263e-002
 3.47577107806261e+000    3.70117470053817e-002
 3.56736299982640e+000    3.34239916671490e-002
 3.66721833227244e+000    2.64799490770211e-002
 3.77547595625253e+000    2.28459001215209e-002
 3.85873502690817e+000    1.92812915919216e-002
 3.92539783577339e+000    1.90961171228519e-002
 4.06698686418610e+000    1.53694809328164e-002
 4.13358023262543e+000    1.18511660204847e-002
 4.23364388634917e+000    1.49065447601411e-002
 4.32530524853886e+000    1.46519298651699e-002
 4.40030090851224e+000    1.44436085874660e-002
 4.52508535385684e+000    4.09698512817558e-003
 4.56674960939760e+000    3.98125108500680e-003
 4.61674671604653e+000    3.84237023320422e-003
 4.67514611422950e+000    7.01348301602933e-003
 4.70847751866211e+000    6.92089578149413e-003
 4.78347317863550e+000    6.71257450379037e-003
 4.90020253457554e+000    9.72165962617910e-003
 5.00859903940744e+000    1.27538915572016e-002
 5.12518951449569e+000    9.09669579306760e-003
 5.20018517446907e+000    8.88837451536362e-003
 5.29184653665876e+000    8.63375962039248e-003
 5.34191308373358e+000    1.18280192118512e-002
 5.39191019038250e+000    1.16891383600488e-002
 5.45850355882183e+000    8.17082344771713e-003
 5.54183206990336e+000    7.93935536137935e-003
 5.55849777211967e+000    7.89306174411220e-003
 5.60849487876859e+000    7.75418089230961e-003
 5.69182338985012e+000    7.52271280597183e-003
 5.75848619871535e+000    7.33753833690165e-003

Line #3
 6.94404259012789e-005    3.33314044326150e-003
 2.50679937503617e-002    3.26370001736009e-003
 8.36757132110410e-002    1.64342341299693e-002
 1.25478849603611e-001    2.29847809733235e-002
 1.42213992245819e-001    2.62716277993171e-002
 1.58949134888027e-001    2.95584746253110e-002
 2.00821711706498e-001    3.94421619119265e-002
 2.26028586308663e-001    4.93721428158094e-002
 2.76303454661189e-001    6.25658237370523e-002
 3.51437995486372e-001    6.90237833458713e-002
 4.26711417163359e-001    8.21480238412129e-002
 4.76986285515885e-001    9.53417047624558e-002
 5.26983392164805e-001    9.52028239106533e-002
 5.77327700943232e-001    1.11729645275158e-001
 6.35727099126208e-001    1.14900758057983e-001
 6.69058503558822e-001    1.14808170823448e-001
 7.10792199525490e-001    1.18025577223540e-001
 7.77663329668422e-001    1.27839824084254e-001
 8.27729876743244e-001    1.31034083675713e-001
 9.02725536716625e-001    1.30825762398009e-001
 9.86054047798160e-001    1.30594294311672e-001
 1.06104970777154e+000    1.30385973033968e-001
 1.11097737399456e+000    1.26913951738904e-001
 1.16090504021758e+000    1.23441930443840e-001
 1.26076037266362e+000    1.16497887853712e-001
 1.30235518777849e+000    1.13049013367282e-001
 1.39387766911637e+000    1.06128117585788e-001
 1.46012383542619e+000    8.59441004571495e-002
 1.52657832301371e+000    7.57595046582953e-002
 1.60969851281755e+000    6.55286152421735e-002
 1.68441641108732e+000    5.19877321914242e-002
 1.72580290492448e+000    3.85394363752098e-002
 1.75899542850529e+000    3.17805682541519e-002
 1.84204617788322e+000    1.82165383947688e-002
 1.90857010589665e+000    1.13650830391760e-002
 1.94183206990336e+000    7.93935536137935e-003
 1.98328800416643e+000   -2.17580001157347e-003
 2.09980903882877e+000   -9.16613621896878e-003
 2.17452693709855e+000   -2.27070192697181e-002
 2.24091198426017e+000   -3.62247555118338e-002
 2.32424049534170e+000   -3.64562235981714e-002
 2.43242867889590e+000   -4.34234129969331e-002
 2.54075574330189e+000   -4.37243215091720e-002
 2.57408714773451e+000   -4.38169087437068e-002
 2.59908570105897e+000   -4.38863491696082e-002
 2.69074706324865e+000   -4.41409640645796e-002
 2.74074416989758e+000   -4.42798449163821e-002
 2.85726520455992e+000   -5.12701811237777e-002
 2.94906544760141e+000   -4.48585151322263e-002
 3.04093513106880e+000   -3.51137086974134e-002
 3.12426364215034e+000   -3.53451767837509e-002
 3.18266304033331e+000   -3.21740640009258e-002
 3.29953127712517e+000   -2.24986979920143e-002
 3.37452693709855e+000   -2.27070192697181e-002
 3.40792778195706e+000   -1.94664660609918e-002
 3.49979746542445e+000   -9.72165962617910e-003
 3.54153116139112e+000   -6.50425322608639e-003
 3.63319252358081e+000   -6.75886812105775e-003
 3.74999131994676e+000   -4.16642555407520e-004
 3.81665412881199e+000   -6.01817024477702e-004
 3.89998263989352e+000   -8.33285110815263e-004
 3.97511718071871e+000    5.62467449800375e-003
 4.07511139401655e+000    5.34691279439858e-003
 4.20010416063885e+000    4.99971066489202e-003
 4.26676696950408e+000    4.81453619582206e-003
 4.32502748683525e+000    1.31936809212418e-003
 4.46668595567386e+000    9.25872345350465e-004
 4.57508246050576e+000    3.95810427637300e-003
 4.69174237601991e+000    3.63404895550024e-003
 4.74173948266883e+000    3.49516810369765e-003
 4.80840229153405e+000    3.30999363462769e-003
 4.87506510039928e+000    3.12481916555751e-003
 4.95853249233262e+000    9.55963196574272e-003
 5.05019385452231e+000    9.30501707077136e-003
 5.14178577628609e+000    5.71726173253850e-003
 5.28330536427290e+000   -1.34251490075799e-003
 5.38323013714484e+000   -4.95341704762442e-003
 5.51662519530120e+000   -1.99062554250329e-003
 5.64168740234940e+000    9.95312771251644e-004
 5.71668306232278e+000    7.86991493547884e-004

Line #4
 0.00000000000000e+000    0.00000000000000e+000
 3.31230831549100e-002   -1.00920085643192e-002
 8.27035472484231e-002   -3.02297320756901e-002
 1.15757189977432e-001   -4.36548810832706e-002
 1.65337654070945e-001   -6.37926045946415e-002
 2.23598171402118e-001   -6.72877726983392e-002
 2.73317516347434e-001   -8.07592153231873e-002
 3.06579480354146e-001   -8.41849430009838e-002
 3.48104855043111e-001   -9.09669579306753e-002
 4.14420461778832e-001   -1.07817834616052e-001
 4.56084717319600e-001   -1.07933568659221e-001
 4.89416121752213e-001   -1.08026155893756e-001
 5.39482668827035e-001   -1.04831896302297e-001
 5.72814073259649e-001   -1.04924483536832e-001
 6.39476882124877e-001   -1.05109658005902e-001
 7.22944274058214e-001   -9.86748452057173e-002
 7.73010821133036e-001   -9.54805856142584e-002
 8.31479659741913e-001   -8.89763323881720e-002
 8.89879057924889e-001   -8.58052196053469e-002
 1.02320467565534e+000   -8.61755685434871e-002
 1.05653608008796e+000   -8.62681557780220e-002
 1.12319888895319e+000   -8.64533302470922e-002
 1.15653029338580e+000   -8.65459174816272e-002
 1.22333198310283e+000   -8.00648110641744e-002
 1.27325964932585e+000   -8.35368323592385e-002
 1.37325386262369e+000   -8.38145940628436e-002
 1.45651293327932e+000   -8.73792025924425e-002
 1.52317574214455e+000   -8.75643770615127e-002
 1.58983855100978e+000   -8.77495515305826e-002
 1.68990220473352e+000   -8.46941727909265e-002
 1.77323071581506e+000   -8.49256408772641e-002
 1.80670100109947e+000   -7.83519472252763e-002
 1.85676754817430e+000   -7.51576876338174e-002
 1.94037382095944e+000   -6.20565939471096e-002
 2.00717551067647e+000   -5.55754875296568e-002
 2.10744748567791e+000   -4.25206874602164e-002
 2.19098431803715e+000   -3.27527342167699e-002
 2.32451825704531e+000   -2.31236618251258e-002
 2.43312308315491e+000   -1.00920085643192e-002
 2.54151958798681e+000   -7.05977663329671e-003
 2.64151380128465e+000   -7.33753833690187e-003
 2.80004629361727e+000    2.22209362884085e-003
 2.91670620913142e+000    1.89803830796809e-003
 3.01676986285516e+000    4.95341704762442e-003
 3.12502748683525e+000    1.31936809212418e-003
 3.22502170013309e+000    1.04160638851925e-003
 3.32501591343094e+000    7.63844684914083e-004
 3.40848330536427e+000    7.19865748509907e-003
 3.52514322087842e+000    6.87460216422653e-003
 3.65013598750072e+000    6.52740003472019e-003
 3.77512875412303e+000    6.18019790521385e-003
 3.82512586077195e+000    6.04131705341127e-003
 3.85845726520456e+000    5.94872981887629e-003
 3.97511718071871e+000    5.62467449800375e-003
 4.10010994734101e+000    5.27747236849718e-003
 4.22510271396331e+000    4.93027023899062e-003
 4.30009837393669e+000    4.72194896128708e-003
 4.40835599791679e+000    1.08790000578685e-003
 4.51675250274868e+000    4.12013193680938e-003
 4.62507956715468e+000    3.81922342457042e-003
 4.74173948266883e+000    3.49516810369765e-003
 4.84173369596667e+000    3.21740640009271e-003
 4.96672646258897e+000    2.87020427058615e-003
 5.04172212256235e+000    2.66188299288217e-003
 5.10838493142758e+000    2.47670852381243e-003
 5.18338059140096e+000    2.26838724610845e-003
 5.27504195359065e+000    2.01377235113709e-003
 5.37503616688849e+000    1.73601064753215e-003
 5.48336323129449e+000    1.43510213529296e-003
 5.60842543834269e+000    4.42104044904812e-003
 5.66682483652566e+000    7.59215323187323e-003
 5.75834731786355e+000    6.71257450379104e-004

Line #5
 6.94404259012789e-005    3.33314044326150e-003
 5.00665470748221e-002    3.19425959145891e-003
 1.08465945257798e-001    6.36537237428403e-003
 1.41797349690411e-001    6.27278513974883e-003
 2.16793009663793e-001    6.06446386204507e-003
 3.25189514495689e-001    9.09669579306760e-003
 4.16920317111278e-001    1.21752213413575e-002
 5.66981077483942e-001    1.50917192292113e-002
 5.83646779700249e-001    1.50454256119437e-002
 6.50448469417279e-001    2.15265320293963e-002
 7.33846420924715e-001    2.46282043863202e-002
 8.25577223540304e-001    2.77067299346101e-002
 9.33904287946299e-001    2.74058214223714e-002
 1.00070597766333e+000    3.38869278398242e-002
 1.04243967363000e+000    3.71043342399167e-002
 1.25923268329379e+000    4.31687981019617e-002
 1.40936288409236e+000    4.94184364330770e-002
 1.52623112088421e+000    5.90938024419885e-002
 1.60969851281755e+000    6.55286152421735e-002
 1.68462473236503e+000    6.19871535212082e-002
 1.76809212429836e+000    6.84219663213934e-002
 1.89315433134657e+000    7.14079046351483e-002
 1.97662172327990e+000    7.78427174353336e-002
 2.10168393032811e+000    8.08286557490887e-002
 2.21014987558590e+000    8.71940281233723e-002
 2.25181413112667e+000    8.70782940802037e-002
 2.35180834442451e+000    8.68005323765986e-002
 2.45180255772235e+000    8.65227706729934e-002
 2.53520050922979e+000    8.96244430299171e-002
 2.62665355014177e+000    7.93704068051617e-002
 2.71831491233146e+000    7.91157919101904e-002
 2.86004282159597e+000    8.20554366066777e-002
 2.89337422602859e+000    8.19628493721427e-002
 2.98503558821827e+000    8.17082344771716e-002
 3.11002835484058e+000    8.13610323476650e-002
 3.20175915745617e+000    8.44395578959551e-002
 3.24342341299693e+000    8.43238238527861e-002
 3.36827729876743e+000    7.73103408367573e-002
 3.45979978010532e+000    7.03894450552631e-002
 3.51826861871419e+000    7.68936982813495e-002
 3.58486198715352e+000    7.33753833690181e-002
 3.65145535559285e+000    6.98570684566864e-002
 3.75144956889069e+000    6.95793067530814e-002
 3.86817892483074e+000    7.25883918754702e-002
 3.98483884034489e+000    7.22643365545974e-002
 4.11809501764944e+000    6.85608471731960e-002
 4.23461605231179e+000    6.15705109658005e-002
 4.39294022336670e+000    6.11307216017591e-002
 4.50946125802905e+000    5.41403853943636e-002
 4.63445402465135e+000    5.37931832648575e-002
 4.72618482726694e+000    5.68717088131474e-002
 4.81770730860483e+000    4.99508130316533e-002
 4.95117180718708e+000    5.62467449800357e-002
 5.09269139517389e+000    4.91869683467392e-002
 5.18435275736358e+000    4.89323534517678e-002
 5.30101267287773e+000    4.86082981308953e-002
 5.39267403506742e+000    4.83536832359239e-002
 5.50912562930386e+000    3.80302065852671e-002
 5.65932527052833e+000    4.76129853596436e-002
 5.72577975811585e+000    3.74283895607892e-002

Line #6
 6.94404259012789e-005    3.33314044326150e-003
 5.83993981829755e-002    3.17111278282511e-003
 1.75198194548927e-001    9.51333834847512e-003
 2.58526705630461e-001    9.28187026213778e-003
 3.58590359354204e-001    1.23372490017939e-002
 4.66986864186100e-001    1.53694809328164e-002
 5.75452809443898e-001    2.17348533071002e-002
 6.83918754701696e-001    2.81002256813843e-002
 7.75580116891384e-001    2.78456107864129e-002
 8.58978068398820e-001    3.09472831433366e-002
 9.58972281696661e-001    3.06695214397315e-002
 1.04230079277820e+000    3.04380533533939e-002
 1.15055841675829e+000    2.68040043978934e-002
 1.19222267229906e+000    2.66882703547249e-002
 1.22555407673167e+000    2.65956831201899e-002
 1.28381459406284e+000    2.31005150164920e-002
 1.33381170071176e+000    2.29616341646897e-002
 1.37554539667843e+000    2.61790405647822e-002
 1.50053816330073e+000    2.58318384352758e-002
 1.63372490017939e+000    1.87952086106127e-002
 1.70872056015277e+000    1.85868873329089e-002
 1.80857589259881e+000    1.16428447427812e-002
 1.90850066547075e+000    8.03194259591455e-003
 1.96690006365372e+000    1.12030553787397e-002
 2.04189572362710e+000    1.09947341010357e-002
 2.12522423470864e+000    1.07632660146983e-002
 2.20021989468202e+000    1.05549447369944e-002
 2.29188125687171e+000    1.03003298420230e-002
 2.40840229153405e+000    3.30999363462769e-003
 2.49173080261559e+000    3.07852554829013e-003
 2.56679590301487e+000    6.20334471384765e-003
 2.59179445633933e+000    6.13390428794625e-003
 2.65852670563046e+000    9.28187026213778e-003
 2.80851802557722e+000    8.86522770672982e-003
 2.90017938776691e+000    8.61061281175868e-003
 3.00850645217291e+000    8.30970429951972e-003
 3.10850066547075e+000    8.03194259591455e-003
 3.20849487876859e+000    7.75418089230961e-003
 3.27515768763382e+000    7.56900642323943e-003
 3.29182338985012e+000    7.52271280597183e-003
 3.37529078178346e+000    1.39575256061573e-002
 3.54194780394653e+000    1.34945894334819e-002
 3.63347028528442e+000    6.57369365198757e-003
 3.68346739193334e+000    6.43481280018499e-003
 3.75853249233262e+000    9.55963196574272e-003
 3.87519240784677e+000    9.23557664487018e-003
 4.05858457265205e+000    1.20594872981887e-002
 4.15857878594989e+000    1.17817255945836e-002
 4.24190729703142e+000    1.15502575082460e-002
 4.35856721254557e+000    1.12262021873735e-002
 4.45022857473526e+000    1.09715872924019e-002
 4.55022278803310e+000    1.06938255887969e-002
 4.64181470979689e+000    7.10607025056431e-003
 4.72514322087842e+000    6.87460216422653e-003
 4.84180313639257e+000    6.55054684335399e-003
 4.92520108790001e+000    9.65221920027770e-003
 5.09171922921127e+000    2.52300214107981e-003
 5.17504774029281e+000    2.29153405474225e-003
 5.20837914472542e+000    2.19894682020705e-003
 5.23337769804988e+000    2.12950639430587e-003
 5.28337480469880e+000    1.99062554250329e-003
 5.32503906023957e+000    1.87489149933473e-003
 5.43336612464556e+000    1.57398298709577e-003
 5.57502459348417e+000    1.18048724032160e-003
 5.67501880678202e+000    9.02725536716664e-004
 5.73348764539089e+000    7.40697876280305e-003
