0.00021527221761356686	7.67148894270272e-5
0.0008610651052593355	0.0003065948969813646
0.001937307369980914	0.0006888472299165271
0.0034438801989269585	0.0012221553832876741
0.005380617272470332	0.0019046863360870656
0.007747304782567444	0.0027341007685816356
0.010543681456361932	0.0037075663829462613
0.013769438585029211	0.00482177445912667
0.01742422005785775	0.006072959799533848
0.021507622401557357	0.00745692423367396
0.02601919482480696	0.008969063864626502
0.03095843926801555	0.010604400243207428
0.03632481045831014	0.012357615649888921
0.04211771596972788	0.014223092648700149
0.04833651628861928	0.016194958046130987
0.054980524884248594	0.018267131343174803
0.062049008284582534	0.02043337770441103
0.06954118615726365	0.022687365383147473
0.07745623139575743	0.02502272743109568
0.08579327021065573	0.027433127384177452
0.09455138222614838	0.029912328448873298
0.10372960058162062	0.03245426551445075
0.11332691203839716	0.03505311908433314
0.12334225709159494	0.03770338995391461
0.1337745300870912	0.04039997316939961
0.14462257934358216	0.043138229482438235
0.15588520727972469	0.045914052180061074
0.16756117054634342	0.048723926835173945
0.17964918016369044	0.051564981206070976
0.1921479016637484	0.05443502223825197
0.2050559552375451	0.05733255692104913
0.21837191588748248	0.06025679365976267
0.2320943135846467	0.06320762087380626
0.24622163343109923	0.0661855597720873
0.26075231582710967	0.06919168871285734
0.2756847566433334	0.07222753725335303
0.2910173073978994	0.07529494895309115
0.30674827543839656	0.07839591319177326
0.3228759241287328	0.08153236767045381
0.33939847304086046	0.08470597482209448
0.3563140981513182	0.08791787697391049
0.37362093204260566	0.09116843667247987
0.39131706410933026	0.09445696998899793
0.409400540769138	0.09778148174634164
0.42786936567837536	0.10113841236118666
0.4467214999524811	0.10452240629449992
0.4659548623910702	0.10792611192944752
0.48556732970768796	0.11134002206166461
0.5055567367642164	0.11475236313739039
0.5259208768098932	0.11814903999840157
0.5466575017249298	0.12151364128735913
0.5677643222686944	0.1248275089418312
0.5892390083324368	0.12806987344763746
0.6110791891965196	0.1312180548138943
0.6332824537921381	0.1342477276249762
0.6558463509674949	0.1371332470410203
0.6787683897583925	0.139848031268241
0.7020460396632299	0.14236499479264522
0.7256767309223592	0.1446570255464445
0.7496578548017723	0.14669749813721145
0.7739867638811027	0.14846081429641736
0.798660772345882	0.14992296078679723
0.8236771562840515	0.15106207414719197
0.849033153986662	0.15185900084909973
0.8747259662527628	0.15229784070625535
0.9007527566984186	0.15236646073061474
0.9271106520698366	0.1520569660799075
0.9537967425605614	0.15136611430387278
0.9808080821327059	0.1502956587786351
1.0081416888421821	0.1488526070204263
1.035794545167898	0.14704937949554162
1.0637635983448765	0.14490385459421445
1.09204576070127	0.14243928564035763
1.1206379099992279	0.13968407622970108
1.1495368897795781	0.1366714009638183
1.1787395097102873	0.1334386600283549
1.208242545938662	0.13002675845619419
1.2380427414472488	0.12647920491919493
1.268136806413395	0.12284103129623479
1.2985214185724325	0.11915754396327459
1.3291932235844426	0.11547293154856675
1.3601488354045628	0.11182877211678197
1.391384836656791	0.10826250470051879
1.4228977790112503	0.10480595350074183
1.4546841835648718	0.10148401367732231
1.486740541225452	0.0983136194878467
1.5190633130990414	0.09530311215617698
1.5516489308806225	0.09245210150464549
1.5844937972480417	0.08975187153617004
1.6175942862591353	0.08718632116556542
1.6509467437520187	0.08473336799595228
1.684547487748492	0.0823666887845156
1.71839280886052	0.08005763657313782
1.7524789706997261	0.0777771672216655
1.78680221028988	0.07549762593741097
1.821358738482314	0.07319428016303699
1.8561447403742302	0.07084652902426915
1.8911563757298488	0.06843876227814717
1.9263897794043572	0.0659608770109629
1.961841061770605	0.06340848532611917
1.9975063091485032	0.060782860876952456
2.0333815842370813	0.05809067798470589
2.069462926549147	0.05534359649635528
2.1057463528485063	0.05255774056915414
2.142227857589704	0.04975311173309088
2.178903413360212	0.046952966680227665
2.215768971325044	0.04418317838920298
2.252820461673731	0.041471585045456505
2.2900537940696077	0.03884731424908484
2.3274648581013775	0.036340050255707544
2.3650495237368756	0.03397919138318783
2.402803641779016	0.03179282910004075
2.4407230443238417	0.02980648181096068
2.4788035452206474	0.028041553655849708
2.517040940534111	0.026513580499725523
2.555431009008395	0.02523047244861339
2.5939695125331537	0.024191121998292417
2.632652196611404	0.023384825242943177
2.671474790829203	0.022791859549507285
2.7104330093270916	0.022385259190837878
2.7495225512732264	0.022133456667941857
2.788739101338183	0.02200321053260449
2.8280783301713455	0.021962239389081175
2.8675358948788516	0.021981183772739228
2.9071074395030334	0.022034780847017234
2.9467885955032913	0.02210233843415881
2.9865749822383707	0.022167691077383308
3.0264622074499616	0.022218831141839132
3.0664458677475888	0.022247372859742126
3.1065215490947287	0.022247959678877344
3.146684827296101	0.022217682998662117
3.186931268486084	0.022155549245358112
3.2272564296181927	0.022062011885055993
3.2676558589555738	0.021938572840008233
3.3081250965624607	0.021787451152211326
3.3486596747965334	0.021611313498292387
3.389255118802128	0.021413059851122837
3.4299069470042403	0.021195657302180648
3.4706106716032767	0.020962015278359405
3.5113617990704897	0.020714895824536145
3.552155830644043	0.02045685313707648
3.5929882628256578	0.020190197061178312
3.633854587877783	0.0199169757856027
3.6747502943212296	0.019638973478902616
3.715670867433218	0.01935771911349879
3.7566117897457896	0.019074503220495916
3.7975685415445164	0.018790399805909838
3.8385366013674562	0.01850629113378062
3.8795114465043063	0.01822289353417745
3.9204885534956935	0.017940782816756835
3.961463398632544	0.01766041825355228
4.002431458455484	0.017382164430945337
4.043388210254211	0.01710631055688026
4.084329132566782	0.01683308704250702
4.125249705678771	0.016562679359245398
4.166145412122217	0.016295239305888654
4.2070117371743425	0.01603089391152048
4.247844169355957	0.01576975225452619
4.288638200929511	0.015511910502832722
4.329389328396724	0.015257455482342462
4.37009305299576	0.015006467065502673
4.410744881197871	0.014759019646178416
4.451340325203466	0.014515182934440334
4.491874903437539	0.014275022269194793
4.532344141044426	0.014038598611049969
4.572743570381807	0.013805968344203692
4.613068731513915	0.013577182985468424
4.653315172703899	0.013352288872345002
4.693478450905272	0.013131326879122343
4.7335541322524115	0.01291433219191958
4.773537792550038	0.012701334159281399
4.813425017761629	0.012492356223866314
4.853211404496708	0.012287415932833131
4.892892560496967	0.012086525019364264
4.932464105121148	0.011889689544139473
4.971921669828655	0.01169691008414854
5.011260898661817	0.011508181955592799
5.050477448726773	0.011323495458076455
5.089566990672909	0.011142836128362938
5.128525209170797	0.010966184993523387
5.167347803388597	0.01079351881492717
5.206030487466847	0.010624810316601278
5.244568990991605	0.010460028393471847
5.282959059465889	0.01029913829697742
5.321196454779353	0.010142101797473125
5.359276955676158	0.009988877324969194
5.397196358220984	0.009839420091523717
5.434950476263124	0.00969368220050018
5.472535141898622	0.009551612749520882
5.509946205930392	0.009413157935624214
5.54717953832627	0.009278261172490386
5.584231028674956	0.009146863230833874
5.621096586639788	0.009018902413943305
5.657772142410296	0.008894314781016505
5.694253647151493	0.008773034431002802
5.7305370734508525	0.008654993859550162
5.766618415762919	0.008540124400756991
5.802493690851496	0.00842835676404446
5.8381589382293955	0.008319621674461253
5.873610220595643	0.008213850622036896
5.908843624270151	0.00811097672233201
5.943855259625769	0.008010935686322303
5.978641261517685	0.007913666892959288
6.013197789710119	0.007819114552448691
6.047521029300273	0.0077272289422990565
6.081607191139479	0.00763796769204098
6.115452512251507	0.007551297085858302
6.149053256247981	0.007467193345766236
6.182405713740865	0.00738564385137254
6.215506202751958	0.00730664824622688
6.248351069119377	0.007230219375083286
6.280936686900959	0.007156383992017939
6.3132594587745485	0.007085183176149707
6.345315816435128	0.007016672390445853
6.377102220988751	0.006950921119894554
6.408615163343209	0.0068880120290612315
6.439851164595437	0.006828039585817911
6.470806776415557	0.006771108108509135
6.501478581427568	0.006717329208013367
6.531863193586605	0.006666818614673651
6.5619572585527495	0.006619692402168087
6.591757454061337	0.00657606264622747
6.621260490289712	0.006536032584358564
6.6504631102204215	0.006499691372447051
6.679362090000772	0.006467108563443286
6.707954239298731	0.006438328460410313
6.736236401655124	0.0064133645184818455
6.764205454832101	0.006392193985933996
6.791858311157818	0.006374752981232861
6.819191917867295	0.006360932199530106
6.84620325743944	0.006350573427464164
6.872889347930163	0.0063434670202423
6.8992472433015815	0.0063393504604439405
6.925274033747237	0.006337908076697386
6.950966846013338	0.0063387719546194885
6.976322843715949	0.006341524026126589
7.001339227654117	0.0063456992791214245
7.026013236118898	0.006350789991087306
7.050342145198228	0.006356250858961183
7.074323269077641	0.006361504875700671
7.09795396033677	0.0063659497910819535
7.121231610241608	0.006368964990566575
7.144153649032504	0.006369918629922849
7.166717546207862	0.006368174873710914
7.188920810803482	0.00636310110034956
7.210760991667565	0.006354074954245357
7.232235677731305	0.006340491144044398
7.253342498275069	0.006321767904966835
7.2740791231901065	0.006297353060646103
7.294443263235783	0.006266729636009847
7.314432670292312	0.006229420986450165
7.334045137608929	0.006184995420444145
7.353278500047518	0.006133070302192125
7.372130634321625	0.006073315628714866
7.390599459230862	0.006005457081642538
7.408682935890669	0.005929278558725727
7.426379067957394	0.005844624193316288
7.443685901848682	0.005751399872868717
7.46060152695914	0.005649574269169101
7.477124075871267	0.005539179394648353
7.4932517245616035	0.005420310699969156
7.508982692602101	0.005293126729164547
7.524315243356667	0.005157848349057827
7.5392476841728895	0.005014757570552936
7.553778366568901	0.004864195979685391
7.567905686415353	0.004706562797120785
7.581628084112518	0.004542312585046225
7.594944044762454	0.004371952621197308
7.607852098336251	0.004196039960010317
7.62035081983631	0.004015178201717028
7.6324388294536565	0.003830013990436033
7.644114792720275	0.003641233263174541
7.655377420656417	0.0034495572718940336
7.666225469912908	0.0032557384016823135
7.6766577429084055	0.003060555808305581
7.686673087961603	0.0028648108993410844
7.6962703994183785	0.0026693226832913354
7.705448617773852	0.0024749230120383967
7.714206729789344	0.002282451742145399
7.722543768604242	0.0020927518414624686
7.730458813842737	0.0019066644675447917
7.737950991715418	0.0017250240452983596
7.745019475115752	0.0015486533711400999
7.751663483711382	0.0013783587717714515
7.757882284030273	0.0012149253452564145
7.76367518954169	0.001059112312754847
7.769041560731986	0.0009116485084608072
7.773980805175193	0.0007732280357510518
7.778492377598443	0.000644506116224522
7.782575779942143	0.0005260951585573687
7.78623056141497	0.0004185610720916014
7.789456318543638	0.000322419850180497
7.7922526952174325	0.00023813444541646996
7.79461938272753	0.00016611195907083272
7.796556119801074	0.00010670116288422483
7.798062692630019	6.019037235236062e-5
7.799138934894741	2.680568392890247e-5
7.799784727782387	6.709593769257564e-6
