0.0	0.0033331404432615	0.003333220813155858	0.004713772420154683
0.00027599002258149596	0.003289774444762097	0.003316866749090114	0.004684506763072338
0.0011039296221273531	0.0031735651078180467	0.0032887525095054142	0.00459901381359002
0.0024837273974114282	0.003029914957275057	0.0033192502470641583	0.004464106850981898
0.004415231024265331	0.0029446397164615396	0.003539678986837747	0.004290813923002925
0.006898227272397861	0.0030430450924031293	0.004120550295633579	0.004093895508697352
0.00993244202893262	0.0034495091372554417	0.005202198227124887	0.003891195057757916
0.013517540328669142	0.004228306781593031	0.006856387816515188	0.0037028659253495726
0.01765312639106309	0.0053864546999946635	0.009113818411321535	0.0035505438417356835
0.02233874366392019	0.006920748286209421	0.011991884183278505	0.0034565285697901547
0.027573874873791482	0.008841117145712795	0.015495446805133838	0.003442939752930586
0.033357942083085845	0.011167082889914614	0.019604199529379328	0.0035306087740924518
0.03969030675386609	0.013915497797417955	0.024257091568038038	0.0037373502227436065
0.04657026981834633	0.017087795831965225	0.029337052491162623	0.004075524424048518
0.05399707175606139	0.02065871332548594	0.03465703074332431	0.004549335812319835
0.06196989267771702	0.024566723177042643	0.039948610216805965	0.005152474528259745
0.07048785241570332	0.028706226139990885	0.04485764015670268	0.005866308404628911
0.07955001062125966	0.0329224416514806	0.049269753901556995	0.006658465318465184
0.08915536686828673	0.03711137781078156	0.05381603088105343	0.00748173696216718
0.09930286076379158	0.041394369534007346	0.05936178368897497	0.008273665716744483
0.10999137206494325	0.04598009332817701	0.06675708420664773	0.008970835732972835
0.12121972080275434	0.05113886825511397	0.07561142511346203	0.009568675737657491
0.13298666741233411	0.05699497835999236	0.0846667549893333	0.01008279674549011
0.14529091286973994	0.06302723893866408	0.09248347183404074	0.010522707635597334
0.15813109883537813	0.06845059423959324	0.09901478941001558	0.010885754180196957
0.17150580780396307	0.0723838226009103	0.10605634454045956	0.011143163559765483
0.18541356326100278	0.07459868812229778	0.11516808877770245	0.011273775972339257
0.19985282984580088	0.07656213036584891	0.12573010048847785	0.01130740011930652
0.2148220135209531	0.07993649769840683	0.13548133058781617	0.011294388401449588
0.23031946174832107	0.08560513202944345	0.14548446214417513	0.011302626428040856
0.2463434636714723	0.09253082849304388	0.15813655691763534	0.011411198329985797
0.262892250304545	0.09891563961290556	0.17098210470903438	0.011698578590766931
0.27996399472754163	0.10328020387035741	0.180946511732845	0.012226093114691715
0.29755681228800857	0.10586022630507716	0.1885094946503119	0.01296180697969196
0.31566876080910156	0.10808778547541682	0.19539773248119582	0.013836758988152752
0.3342978408039867	0.111099281442116	0.20351791827971513	0.014774252533801087
0.3534419956965813	0.11537668316091215	0.2150618174166352	0.015713943698760842
0.3730991120485889	0.12122225982962773	0.2324276462176561	0.01660405442636225
0.3932670197928161	0.12771101254061498	0.25406350488121654	0.017458827775494658
0.4139434924727343	0.13325667487508935	0.27398137618900786	0.018356314422496123
0.43512624748828266	0.1376414286549335	0.28737434822669494	0.019389181034401723
0.45681294634784386	0.14162089537638228	0.2974356817155229	0.02063238636915437
0.47900119492641746	0.1442196884108703	0.3132787962717793	0.02201209021270548
0.5016885437299106	0.1433236326974149	0.3371450131181234	0.023346292549001956
0.5248724881655615	0.1420320053153693	0.3621006354034622	0.024409567929830338
0.54855046881843	0.14565660363292102	0.38167004892171924	0.025194254508665564
0.5727198717339501	0.15226180385978244	0.3974636235334575	0.026247440721503517
0.5973780287065003	0.15612939706605192	0.41434066571048056	0.028109056686815185
0.6225222175739589	0.15631588380221875	0.4320892423725262	0.031046816126200645
0.6481496625182261	0.15526239310947682	0.4455418074755893	0.03427417631156195
0.6742575343716579	0.15417134758992898	0.46704226421513195	0.03643440775703707
0.7008429509293972	0.15403613769293809	0.5122160551024537	0.03714629147184101
0.7279029772675569	0.1554872145569236	0.5439491611430974	0.03716955680871052
0.7554346260672267	0.15793288746746378	0.5675291934061943	0.03749304971145735
0.7834348579442558	0.15945027814286233	0.5978459480786927	0.038549135022180554
0.8119005817847924	0.1591597861883822	0.6240188480318108	0.04001054710151691
0.8408286550865318	0.15810971750480665	0.6455342376339174	0.041038483895583504
0.8702158843056313	0.15713158310618602	0.6705679645300817	0.04117946136516188
0.9000590252092691	0.15639272212300426	0.7089770330503684	0.04086954345774104
0.9303547832337937	0.15601218274063786	0.7417164484816146	0.04116972296477272
0.9610998138484259	0.15601132498460762	0.7444791371041033	0.042767869821275915
0.9922907229244906	0.1564006662577527	0.777164481675727	0.04512686222655691
1.023924067110105	0.15687103832205943	0.829605035570642	0.04715825777081454
1.0559963542103223	0.15652499523314387	0.8188534931787966	0.04840347128165404
1.0885040435726436	0.15481413030518154	0.8592079364836791	0.048835195112830326
1.121443546477901	0.15289196334782498	0.8940862428191088	0.04891633491538692
1.154811226536434	0.15111263273650935	0.8996249711869994	0.049117712568768825
1.188603400089534	0.14755933976905292	0.9074632236878326	0.049559215805933414
1.2228163366161042	0.14392415806997738	0.9261314652039359	0.050044460168672235
1.2574462591444946	0.14269493288316015	0.9509743387375602	0.04978806567160508
1.2924893446694643	0.141955260946007	0.9727599387381679	0.04965447020851701
1.3279417245742282	0.14047861708229722	0.9813593114168744	0.0508087481994835
1.363799485057534	0.13884990462296348	0.9824480057973397	0.05333932849763272
1.4000586675657307	0.13453885775033814	0.9896773062595392	0.056348255018625365
1.4367152692297793	0.12706813664736757	0.9958417967275713	0.05864401005655048
1.4737652433071515	0.120604844762221	0.9975740781681484	0.06046179121205611
1.5112044996285734	0.11688922794863835	1.0001812541268138	0.06263686377226685
1.5490289050495667	0.11425991940038276	0.9990133660006969	0.06565032299196756
1.5872342839067293	0.11119629665869023	0.9894836069687185	0.06806273725339444
1.6258164184787116	0.10709699476105568	0.9822218181105183	0.06767231323713241
1.6647710494518364	0.101942272604716	0.9566002600586534	0.0653701063520435
1.7040938763903108	0.09700090824080863	0.9518806836047845	0.06525528634279805
1.743780558210978	0.09453976505155508	0.9403154411001861	0.06816295810659592
1.7838267136625525	0.08734660862504218	0.9290642484504561	0.07092333539057288
1.8242279218092952	0.07924209894933658	0.8953855924919281	0.07122383678052094
1.8649797225190663	0.07618955257907938	0.8641540187024002	0.07091743524136165
1.9060776169557077	0.06929438081898118	0.8570655160017202	0.07265599868456535
1.947517068075694	0.06146130774158799	0.8279983466080151	0.07629581961666532
1.9892935011290032	0.057157798761021415	0.8003047953828818	0.07942305698287096
2.031402304164156	0.053917085595515335	0.7815474857639856	0.08032524722826719
2.073838828537353	0.048125118019387486	0.7613806974667255	0.08061217930963713
2.116598389425665	0.042707882378513855	0.7270055991477287	0.08244089961365768
2.1596762663442206	0.04072077165603328	0.684528430247192	0.08564240562318981
2.203067703667333	0.04331682291303557	0.6559858559623553	0.08772218469395776
2.246767911153495	0.046785836820417474	0.6482224680778967	0.08779227166466833
2.290772064474205	0.04566311032128732	0.5441294941419714	0.08748880130808392
2.3350753057465563	0.04256044929168059	0.546947657907926	0.0873026767001367
2.379672744069526	0.04237141551179378	0.48861634893715994	0.08644833437457533
2.4245594560639088	0.04431666408961891	0.49043349407204	0.08586324953703954
2.4697304864158425	0.04494130470015468	0.46446004994999873	0.08755399640068617
2.5151808484238525	0.04436304876443367	0.3841614254014124	0.08990058845387887
2.560905524549363	0.04437354431774256	0.36375359904739657	0.0878106372251739
2.606899466970617	0.04458155310195371	0.34832988822528815	0.08177517932519017
2.6531575981399316	0.04470941874781262	0.3032641731888842	0.0784306341983822
2.699674811344239	0.0442845587495803	0.2720236608737641	0.07916737280760189
2.746445971268851	0.04442577112790155	0.2505814091193007	0.0809367531992785
2.7934659145643743	0.04737530880293876	0.23559337573605307	0.08204293229562086
2.840729450416723	0.05086846751275475	0.2124813265290579	0.0824858948799953
2.8882313611201678	0.0505835520419465	0.18667611312357077	0.08243003329560762
2.935966402653343	0.046495354619263615	0.1742230744554127	0.08231628087463459
2.983929305258176	0.04056313085295257	0.16041114953142865	0.08214725280071497
3.032114774021635	0.035855185861487074	0.1420544571661179	0.08153815859974234
3.080517489460277	0.035126903783862094	0.109463830398893	0.0812286430276206
3.1291321081074894	0.03527197752481194	0.1032499652314324	0.08243090352568767
3.1779532631033938	0.03259708142933164	0.09774924752657965	0.08431509645318307
3.226975564787322	0.02744355867695348	0.08952387429554162	0.08484970019451152
3.276193601292814	0.022916949391058664	0.08048104818605586	0.08401128106633608
3.3256019391450686	0.023140345109040006	0.06388110786265688	0.08209479088684929
3.375195123860774	0.02312325591774465	0.05672686748550368	0.07760660524341728
3.4249676805502602	0.01921485670502711	0.052902943301714085	0.07248964589739829
3.474914114521912	0.014657587100549225	0.03950795333643316	0.07423690764383015
3.525028911888752	0.010211741373742615	0.035361076749389764	0.0785868461317644
3.5753065401771575	0.008590371632803533	0.0358532235807619	0.07496804691223724
3.6257414489376223	0.009326523776751769	0.03205378459964305	0.07108462687042065
3.676328070357502	0.00822746386727762	0.02706419399693172	0.06965066519769607
3.7270608198756836	0.006514503782894834	0.02473936603999944	0.06972773960252965
3.7779340967990915	0.006171939811769238	0.023112612727496658	0.0709120733648194
3.828942284920988	0.0060988112746056715	0.02065927069034153	0.07237596702630755
3.880079753140976	0.006080709111437515	0.019336353162161087	0.07332372140534492
3.931340856086652	0.005974451658056425	0.01928496059036168	0.07342908268416563
3.9827199347368314	0.008280497109355233	0.01897050516565558	0.0730683052552184
4.034211317046283	0.008592704650965146	0.017851321835911576	0.0724721209223356
4.085809318571902	0.007345289912502631	0.015137243935690112	0.07111866124066575
4.137508243100247	0.006680372857572658	0.012869171130226856	0.06841906909472717
4.1893023832763765	0.006832628934337338	0.01458587829848325	0.06495756305545013
4.241186021233924	0.007325072020423944	0.017815488786883257	0.062439974844781566
4.293153429226325	0.005941597441473753	0.01870142304557139	0.062164938012687646
4.345198870259138	0.0031324637781631743	0.01867128974224273	0.06278094851865147
4.397316598723385	0.0014786639178475506	0.018308808659920635	0.06195186778267766
4.449500861029842	0.0017957976306485605	0.014992859594973018	0.059015939916510024
4.501745896244217	0.004268647001076381	0.011922168494567086	0.05571145417504377
4.554045936723131	0.005758236531244622	0.011412731063363251	0.053564181529440515
4.606395208750843	0.005773743508435492	0.011159515090768088	0.053323626274904015
4.658787933176645	0.005261895739915882	0.012198191127084604	0.05559482366671706
4.711218326052858	0.004992380408916855	0.01231508278367933	0.05751378895266407
4.763680599273356	0.00492483058421286	0.011938414576044038	0.05473510843877265
4.816168961212551	0.00459780488113057	0.01227089928726757	0.05039863240280117
4.868677617364765	0.004295303108974248	0.013214332420873401	0.051201418376955195
4.921200770983918	0.007132205471307042	0.014441694112452302	0.05555002691866066
4.973732623723469	0.010644575819386761	0.015130307660501786	0.05694030427636153
5.02626737627653	0.010449203489131469	0.014090254630626152	0.05354511662389766
5.078799229016082	0.008647420845995828	0.011325254942091674	0.049785839536768406
5.131322382635235	0.006623582998396189	0.009292712233490057	0.048725466540848375
5.183831038787449	0.0043966827094384904	0.009040548485711399	0.04898324266615455
5.236319400726643	0.0023890287352121065	0.008734085640736985	0.04873728886021863
5.288781673947142	0.0025572077508094378	0.009980718979239413	0.048533010796233345
5.3412120668233545	0.004347268001003452	0.013056578591515326	0.049204674374697194
5.393604791249157	0.005302742337564566	0.012139830755613064	0.048332488747064355
5.445954063276869	0.004610426913494334	0.008724155837822465	0.043515435865096
5.498254103755783	0.0030117427722200314	0.008299340213133721	0.03855928981860326
5.550499138970158	0.0021210916997496995	0.008289870108860073	0.03914376130847466
5.6026834012766145	0.004089571587118259	0.008791244557017353	0.04428760070828311
5.654801129740861	0.0072261542200658295	0.013012185398085546	0.047624718389118005
5.706846570773674	0.007391867408715646	0.007829027512499996	0.04274315076862683
5.758813978766075	0.0	0.0	0.0
5.810697616723623	0.0	0.0	0.0
5.862491756899752	0.0	0.0	0.0
5.914190681428097	0.0	0.0	0.0
5.965788682953717	0.0	0.0	0.0
6.017280065263169	0.0	0.0	0.0
6.068659143913348	0.0	0.0	0.0
6.1199202468590235	0.0	0.0	0.0
6.171057715079011	0.0	0.0	0.0
6.222065903200908	0.0	0.0	0.0
6.272939180124316	0.0	0.0	0.0
6.323671929642497	0.0	0.0	0.0
6.374258551062377	0.0	0.0	0.0
6.4246934598228425	0.0	0.0	0.0
6.474971088111247	0.0	0.0	0.0
6.525085885478088	0.0	0.0	0.0
6.575032319449739	0.0	0.0	0.0
6.624804876139226	0.0	0.0	0.0
6.674398060854931	0.0	0.0	0.0
6.723806398707186	0.0	0.0	0.0
6.773024435212678	0.0	0.0	0.0
6.822046736896606	0.0	0.0	0.0
6.870867891892511	0.0	0.0	0.0
6.919482510539723	0.0	0.0	0.0
6.967885225978364	0.0	0.0	0.0
7.016070694741823	0.0	0.0	0.0
7.064033597346656	0.0	0.0	0.0
7.111768638879832	0.0	0.0	0.0
7.159270549583276	0.0	0.0	0.0
7.206534085435625	0.0	0.0	0.0
7.253554028731148	0.0	0.0	0.0
7.30032518865576	0.0	0.0	0.0
7.3468424018600675	0.0	0.0	0.0
7.393100533029383	0.0	0.0	0.0
7.439094475450636	0.0	0.0	0.0
7.484819151576148	0.0	0.0	0.0
7.530269513584158	0.0	0.0	0.0
7.575440543936091	0.0	0.0	0.0
7.620327255930473	0.0	0.0	0.0
7.664924694253442	0.0	0.0	0.0
7.709227935525794	0.0	0.0	0.0
7.753232088846504	0.0	0.0	0.0
7.796932296332666	0.0	0.0	0.0
7.8403237336557785	0.0	0.0	0.0
7.883401610574335	0.0	0.0	0.0
7.926161171462647	0.0	0.0	0.0
7.968597695835843	0.0	0.0	0.0
8.010706498870997	0.0	0.0	0.0
8.052482931924306	0.0	0.0	0.0
8.093922383044292	0.0	0.0	0.0
8.135020277480933	0.0	0.0	0.0
8.175772078190706	0.0	0.0	0.0
8.216173286337447	0.0	0.0	0.0
8.256219441789021	0.0	0.0	0.0
8.295906123609688	0.0	0.0	0.0
8.335228950548164	0.0	0.0	0.0
8.374183581521288	0.0	0.0	0.0
8.412765716093269	0.0	0.0	0.0
8.450971094950432	0.0	0.0	0.0
8.488795500371426	0.0	0.0	0.0
8.526234756692848	0.0	0.0	0.0
8.56328473077022	0.0	0.0	0.0
8.59994133243427	0.0	0.0	0.0
8.636200514942466	0.0	0.0	0.0
8.672058275425771	0.0	0.0	0.0
8.707510655330536	0.0	0.0	0.0
8.742553740855506	0.0	0.0	0.0
8.777183663383896	0.0	0.0	0.0
8.811396599910465	0.0	0.0	0.0
8.845188773463565	0.0	0.0	0.0
8.878556453522098	0.0	0.0	0.0
8.911495956427355	0.0	0.0	0.0
8.944003645789678	0.0	0.0	0.0
8.976075932889893	0.0	0.0	0.0
9.00770927707551	0.0	0.0	0.0
9.038900186151574	0.0	0.0	0.0
9.069645216766206	0.0	0.0	0.0
9.09994097479073	0.0	0.0	0.0
9.129784115694369	0.0	0.0	0.0
9.159171344913467	0.0	0.0	0.0
9.188099418215208	0.0	0.0	0.0
9.216565142055746	0.0	0.0	0.0
9.244565373932774	0.0	0.0	0.0
9.272097022732442	0.0	0.0	0.0
9.299157049070601	0.0	0.0	0.0
9.325742465628341	0.0	0.0	0.0
9.351850337481773	0.0	0.0	0.0
9.377477782426041	0.0	0.0	0.0
9.402621971293499	0.0	0.0	0.0
9.427280128266048	0.0	0.0	0.0
9.45144953118157	0.0	0.0	0.0
9.475127511834438	0.0	0.0	0.0
9.498311456270088	0.0	0.0	0.0
9.520998805073582	0.0	0.0	0.0
9.543187053652156	0.0	0.0	0.0
9.564873752511717	0.0	0.0	0.0
9.586056507527266	0.0	0.0	0.0
9.606732980207184	0.0	0.0	0.0
9.626900887951411	0.0	0.0	0.0
9.646558004303419	0.0	0.0	0.0
9.665702159196012	0.0	0.0	0.0
9.684331239190898	0.0	0.0	0.0
9.70244318771199	0.0	0.0	0.0
9.720036005272458	0.0	0.0	0.0
9.737107749695454	0.0	0.0	0.0
9.753656536328528	0.0	0.0	0.0
9.769680538251679	0.0	0.0	0.0
9.785177986479047	0.0	0.0	0.0
9.8001471701542	0.0	0.0	0.0
9.814586436738995	0.0	0.0	0.0
9.828494192196036	0.0	0.0	0.0
9.841868901164622	0.0	0.0	0.0
9.85470908713026	0.0	0.0	0.0
9.867013332587664	0.0	0.0	0.0
9.878780279197246	0.0	0.0	0.0
9.890008627935057	0.0	0.0	0.0
9.900697139236208	0.0	0.0	0.0
9.910844633131713	0.0	0.0	0.0
9.92044998937874	0.0	0.0	0.0
9.929512147584298	0.0	0.0	0.0
9.938030107322284	0.0	0.0	0.0
9.946002928243939	0.0	0.0	0.0
9.953429730181654	0.0	0.0	0.0
9.960309693246135	0.0	0.0	0.0
9.966642057916914	0.0	0.0	0.0
9.972426125126209	0.0	0.0	0.0
9.97766125633608	0.0	0.0	0.0
9.982346873608936	0.0	0.0	0.0
9.98648245967133	0.0	0.0	0.0
9.990067557971066	0.0	0.0	0.0
9.993101772727602	0.0	0.0	0.0
9.995584768975736	0.0	0.0	0.0
9.997516272602589	0.0	0.0	0.0
9.998896070377873	0.0	0.0	0.0
9.999724009977419	0.0	0.0	0.0
10.0	0.0	0.0	0.0
