0.0	1.559991071540694e-23	0.0	0.0	0.0	0.5	0.5
0.0016670260528641734	0.0008491825271116249	0.0008468061165600918	-0.0010267572544661184	-0.0010347709003236721	0.5064037588263397	0.5063529842652792
0.006667363151226624	0.0033797400661689163	0.003379817292816376	-0.004106525537619857	-0.004106285339622011	0.5255051754744848	0.5255056201271182
0.014998788443830513	0.007541080377700281	0.00754108060081725	-0.009237515604072297	-0.009237510656172874	0.5569777289216225	0.5569779764090002
0.02665759827653691	0.013250135524613165	0.013250135600023768	-0.016415834455756846	-0.016415836141213693	0.6002872505380397	0.6002872529442077
0.04163860983874912	0.02039321538935556	0.020393214482818195	-0.02563418228669999	-0.02563418379809135	0.6547064220149603	0.654706319526098
0.05993516346738037	0.028828551891288405	0.028828552595423905	-0.03688015076451934	-0.03688014931649849	0.7193340200637387	0.7193341008933904
0.08153912560734522	0.03838948249182134	0.03838948218097495	-0.050134235932268956	-0.05013423645437724	0.793117967982174	0.7931181180066238
0.10644089242724775	0.04888820617692885	0.04888820626232764	-0.06536769884471275	-0.065367698770353	0.874881130804348	0.8748796765353002
0.13462939408867403	0.06012002966345672	0.06012002959447408	-0.08254041866662164	-0.0825404187837744	0.9633487516417385	0.9633443450280259
0.1660920996671802	0.07186800654413354	0.07186800660227705	-0.10159888572821724	-0.10159888562759768	1.0571764684625902	1.057180087622741
0.2008150227227974	0.0839078581111943	0.08390785809257632	-0.12247447589005002	-0.12247447589561318	1.1549779606784505	1.1549762136976551
0.23878272751755958	0.09601305247215979	0.09601305246395565	-0.1450821330088202	-0.1450821330445989	1.2553514342440295	1.2553476974502762
0.2799783358773178	0.10795990917445852	0.10795990919443145	-0.16931956431640013	-0.16931956425699066	1.3569043486749486	1.3569123334590767
0.324383534694765	0.11953259077778783	0.11953259075305564	-0.19506702556091543	-0.19506702561194111	1.458275984690697	1.4582840297860178
0.37197858407035245	0.13052784146650154	0.13052784148551336	-0.22218774058026577	-0.22218774055134702	1.5581576345795183	1.5581479653106671
0.42274232608746765	0.1407593365232866	0.1407593365188034	-0.25052896557568777	-0.25052896558801574	1.6553103650001828	1.6553051007861463
0.4766521942179809	0.15006151568580178	0.15006151568548956	-0.2799236738150333	-0.2799236738152142	1.748580423336699	1.7485852061959914
0.5336842233539789	0.15829278816288136	0.15829278816156944	-0.3101928038795464	-0.3101928038815825	1.8369124103053736	1.8369082646439558
0.5938130604612155	0.16533801712312882	0.16533801712313823	-0.3411479857778689	-0.34114798577815564	1.9193603873746117	1.9193545148142104
0.6570119758495618	0.17111021614553218	0.17111021614826508	-0.37259463591538544	-0.37259463591151026	1.995097089131094	1.9951140091427184
0.7232528750554277	0.1755514184460396	0.1755514184444595	-0.4043352952807465	-0.4043352952794121	2.063421334085394	2.0634317467083485
0.7925063113308806	0.17863271036971756	0.1786327103676846	-0.4361730760933934	-0.43617307609488815	2.1237636478331194	2.123745046639171
0.864741498733915	0.18035345214104342	0.18035345214126103	-0.46791508083872935	-0.4679150808396456	2.1756901150423276	2.1756893811121185
0.939926325814044	0.18073973954180547	0.18073973954273118	-0.49937566387118115	-0.49937566386922316	2.218904368613697	2.218907504031298
1.0180273698871254	0.17984218836931556	0.1798421883689788	-0.5303794188594593	-0.5303794188599272	2.253247491131106	2.2532397251032847
1.0990099118931012	0.17773314765649284	0.17773314765643117	-0.5607637941148971	-0.5607637941124309	2.2786957398527874	2.2786941339945965
1.1828379518300096	0.1745034663752379	0.17450346637563965	-0.5903812607758788	-0.5903812607764158	2.2953559674730646	2.29537846679822
1.2694742247574418	0.17025895069263214	0.1702589506909136	-0.619100984201227	-0.6191009842011891	2.3034586031031736	2.303451707541607
1.358880217362306	0.16511665421733301	0.1651166542181602	-0.6468099749691084	-0.6468099749699674	2.303348193606955	2.3033390267826297
1.4510161850795473	0.15920114193684157	0.15920114193747686	-0.6734137208841732	-0.6734137208828743	2.2954717544271452	2.2954738181133143
1.5458411697602097	0.15264086005645616	0.15264086005620223	-0.6988363238797717	-0.698836323881206	2.2803650474510215	2.2803635576844608
1.6433130178789792	0.14556472950441568	0.1455647295043805	-0.7230201845050069	-0.7230201845036394	2.258637188145819	2.2586272229026503
1.7433883992731252	0.13809906163609273	0.1380990616352674	-0.7459252910427843	-0.7459252910436867	2.2309541199043252	2.2309591006714755
1.846022826404507	0.1303648720948603	0.13036487209562064	-0.7675281798690862	-0.7675281798671789	2.1980214986350144	2.1980410560662706
1.9511706741360708	0.12247564445309181	0.1224756444524214	-0.7878206384894418	-0.787820638488287	2.1605675273856892	2.1605574044906213
2.0587852000140643	0.11453557075512787	0.11453557075533499	-0.8068082231735674	-0.8068082231750889	2.119326379217267	2.119327319433401
2.168818565046939	0.1066382728831076	0.10663827288312985	-0.8245086599098627	-0.8245086599107122	2.0750228340593586	2.0750182951881646
2.2812218549717107	0.09886598800098723	0.09886598800082272	-0.8409501913357308	-0.8409501913344096	2.0283584384201943	2.0283556778315135
2.3959451019983176	0.09128918412470803	0.09128918412460865	-0.8561699242478861	-0.856169924246689	1.9799996623450495	1.9799960776783982
2.512937307022314	0.08396655868677298	0.08396655868681958	-0.8702122231146486	-0.8702122231150741	1.9305682414960295	1.9305611236646965
2.632146462296035	0.07694536402495943	0.07694536402524563	-0.8831271854624947	-0.8831271854654551	1.8806338223344703	1.8806397611550636
2.7535195745481236	0.07026199891643192	0.07026199891614217	-0.8949692257169499	-0.8949692257156163	1.83070890736738	1.8307263254967607
2.8770026885411824	0.06394280422208251	0.0639428042223704	-0.9057957855093943	-0.9057957855108267	1.7812459440258324	1.7812401063709618
3.0025409110570465	0.05800500283029063	0.058005002830237275	-0.915666180922956	-0.9156661809225034	1.7326363845930666	1.732625900054556
3.1300784352990334	0.05245772870904617	0.0524577287089542	-0.9246405908041451	-0.9246405908024078	1.6852114968009624	1.6851998307016083
3.259558565700308	0.04730309626605155	0.047303096265858526	-0.9327791851541347	-0.9327791851516457	1.6392445625724785	1.639236598570817
3.390923743127348	0.0425372686782971	0.042537268678355084	-0.9401413886861653	-0.9401413886879655	1.5949541904741524	1.5949586537812084
3.5241155704672984	0.03815149175926717	0.03815149175952561	-0.9467852717839934	-0.9467852717860661	1.5525084495970518	1.552543311204313
3.659074838587837	0.034133067761535414	0.03413306776129031	-0.9527670591764449	-0.9527670591761949	1.5120295357216296	1.5120345285482713
3.795741552658024	0.03046625086306396	0.030466250863229547	-0.9581407454973998	-0.9581407454959868	1.4735987131562913	1.4735862242538034
3.934054958818412	0.027133052676219606	0.027133052675876537	-0.9629578063735563	-0.9629578063681629	1.4372613891214736	1.4372364488358929
4.073953571188595	0.024113951780677864	0.024113951780707063	-0.9672669936313011	-0.9672669936295487	1.4030320855980154	1.4030061117224177
4.215375199200153	0.02138850594251638	0.02138850594255775	-0.9711142035143949	-0.9711142035189706	1.3708991989643176	1.3709093694642744
4.3582569752428615	0.018935869346114784	0.018935869346396017	-0.9745424073518834	-0.974542407351854	1.340829459220085	1.340877263618313
4.5025353826118835	0.016735219893666154	0.01673521989364134	-0.9775916348266895	-0.9775916348309698	1.3127720072686682	1.3128041638244625
4.648146283743497	0.01476610351727882	0.014766103517631466	-0.9802990008041689	-0.9802990008128036	1.286662072330682	1.2866568796838604
4.795024948726834	0.013008703619855594	0.013008703619630343	-0.9826987675366589	-0.9826987675468863	1.2624242540985908	1.2624073892759053
4.943106084078924	0.011444044339867848	0.011444044340221072	-0.9848224349279366	-0.9848224349238676	1.2399753924589423	1.2399374963192409
5.092323861770277	0.010054136446098007	0.010054136445711218	-0.986698852393991	-0.9866988523995827	1.2192270279067725	1.2191909013532185
5.2426119484881095	0.008822074426479596	0.00882207442695269	-0.9883543466751223	-0.9883543466809745	1.200087498940596	1.2001101072026825
5.393903535124155	0.007732092841952395	0.007732092841674377	-0.9898128607267163	-0.9898128607206212	1.1824636967765203	1.1825438415790361
5.546131366474009	0.006769589357957461	0.0067695893585922725	-0.9910960995341801	-0.9910960995292547	1.166262500082069	1.1662980201476145
5.699227771134787	0.005921121113174451	0.005921121112390195	-0.992223679356992	-0.9922236793502834	1.1513919376504207	1.1513930187552708
5.853124691587778	0.005174380292606688	0.005174380293239942	-0.9932132775055681	-0.9932132775322947	1.1377621280418846	1.1377435716953617
6.007753714452752	0.004518153981778808	0.004518153981308631	-0.9940807802925229	-0.9940807802814245	1.125286000877654	1.1252507764921302
6.163046100900472	0.003942272620468717	0.003942272621732354	-0.9948404272780674	-0.9948404272633123	1.1138798355001456	1.1138275457844673
6.318932817209866	0.0034375506680720085	0.003437550666999979	-0.9955049503499633	-0.9955049503099199	1.103463649563347	1.1034460804236352
6.475344565456298	0.002995722450518448	0.002995722451400764	-0.996085706544539	-0.9960857065417704	1.093961462068378	1.0940229154187495
6.632211814317291	0.002609375586622328	0.0026093755857831856	-0.9965928038302803	-0.9965928038204896	1.0853014474895641	1.0854049972088058
6.789464829981988	0.0022718838912653624	0.002271883893574284	-0.9970352193432068	-0.9970352193770441	1.0774160006997133	1.0774460213975208
6.9470337071506565	0.0019773412220215948	0.001977341221653637	-0.9974209097876998	-0.9974209097744741	1.070241735332038	1.070246697385619
7.104848400110404	0.0017204973706698046	0.0017204973723059405	-0.9977569139017755	-0.997756913931281	1.0637194327539028	1.0636932398750036
7.262838753873308	0.0014966967960660191	0.0014966967938026424	-0.9980494470361313	-0.9980494470747967	1.057793941420342	1.0577412704101756
7.420934535363153	0.0013018207439109424	0.001301820746324825	-0.9983039880156525	-0.998303988002479	1.0524140438789717	1.052344373662623
7.579065464636846	0.0011322330956452064	0.0011322330924746257	-0.9985253585443553	-0.9985253585935481	1.0475322998836905	1.047487895199656
7.737161246126691	0.000984730126730978	0.0009847301292754062	-0.9987177954836176	-0.9987177955485022	1.0431048723875491	1.0431309553206358
7.895151599889595	0.000856494227945336	0.0008564942265527429	-0.9988850163824382	-0.9988850163577512	1.039091341773424	1.039200283067265
8.052966292849343	0.0007450515464925294	0.0007450515491701704	-0.9990302786705195	-0.9990302788602636	1.035454513210513	1.035590206872903
8.210535170018012	0.0006482334317510937	0.0006482334326392509	-0.9991564329430518	-0.9991564329891807	1.0321602215881107	1.0322167090495247
8.36778818568271	0.0005641415188871836	0.000564141523330734	-0.9992659707727365	-0.9992659708665718	1.0291771379944155	1.0292014369594926
8.5246554345437	0.0004911162485311689	0.0004911162433061989	-0.9993610674821067	-0.9993610675532171	1.0264765807749985	1.0264634585943926
8.681067182790132	0.00042770859891217805	0.00042770860235268873	-0.999443620299572	-0.9994436201353426	1.0240323296469787	1.023831386857377
8.836953899099528	0.000372654795455648	0.000372654789200447	-0.9995152823075042	-0.9995152823074146	1.0218204461157236	1.0214632863807567
8.992246285547248	0.00032485375950514384	0.0003248537658876188	-0.9995774925716369	-0.9995774925814391	1.019819103273531	1.0194190303762756
9.146875308412222	0.0002833470605664634	0.000283347062980269	-0.9996315028191924	-0.9996315030239559	1.0180084230600335	1.0177245633290737
9.300772228865211	0.00024730114367698265	0.00024730115204783516	-0.9996784010096073	-0.9996784005164883	1.0163703216664406	1.0163302389074955
9.45386863352599	0.00021599161386793355	0.0002159916052452199	-0.9997191321172427	-0.9997191327167686	1.0148883636504176	1.0151513798068839
9.606096464875845	0.00018878937216394574	0.00018878938172417568	-0.999754516420773	-0.9997545161106087	1.0135476250658542	1.0140709787864566
9.75738805151189	0.0001651484113244364	0.0001651484041147351	-0.999785265569512	-0.9997852656202658	1.012334565683776	1.0129924368906587
9.907676138229721	0.0001445950939308297	0.00014459510312927624	-0.9998119966732346	-0.9998119967386028	1.0112369101891	1.011865186563037
10.056893915921076	0.00012671874996985532	0.00012671874933056765	-0.9998352446392784	-0.9998352451002528	1.010243538082698	1.0107215491411814
10.204975051273166	0.00011116344538878444	0.00011116345315338418	-0.999855472959183	-0.9998554733385474	1.0093443818985834	1.0096901050055798
10.351853716256501	9.762078693696899e-5	9.76207773195991e-5	-0.9998730831268989	-0.9998730830376468	1.0085303332175102	1.0086285026750332
10.497464617388115	8.58236417743209e-5	8.582366719379967e-5	-0.9998884228517815	-0.999888421981875	1.0077931556789004	1.0074047873533556
10.641743024757137	7.554066270053686e-5	7.554063568865036e-5	-0.9999017932122298	-0.9999017918064386	1.007125405085792	1.0060842918626332
10.784624800799847	6.657152136841759e-5	6.657155071591254e-5	-0.9999134548798736	-0.9999134566312736	1.006520356356834	1.0049852138729132
10.926046428811404	5.8742762458807666e-5	5.874270547341441e-5	-0.9999236335297003	-0.9999236337636	1.0059719367523128	1.0042911828477206
11.065945041181585	5.190420151093181e-5	5.190423673111549e-5	-0.9999325245383006	-0.9999325241711694	1.005474664602474	1.0042911828477206
11.204258447341976	4.592579793926831e-5	4.5925777882309996e-5	-0.9999402970605329	-0.9999402970051675	1.005023593238847	1.0042911828477206
11.340925161412162	4.069494276091524e-5	4.0694957909909685e-5	-0.9999470975641676	-0.9999470949189889	1.0046142598343348	1.0042911828477206
11.4758844295327	3.611410775049052e-5	3.611402114151165e-5	-0.9999530528925086	-0.9999530550573793	1.0042426388362815	1.0042911828477206
11.609076256872651	3.209880918433559e-5	3.209884927221059e-5	-0.9999582729164227	-0.9999582746159651	1.00390509966531	1.0042911828477206
11.740441434299692	2.8575845087106488e-5	2.8575816869836838e-5	-0.9999628528295894	-0.9999628532650182	1.00359836835002	1.0042911828477206
11.869921564700963	2.5481770008029603e-5	2.5481841170998814e-5	-0.9999668751340478	-0.9999668728739175	1.0033194927723583	1.0042911828477206
11.997459088942952	2.2761575887050227e-5	2.2761517277730064e-5	-0.9999704113571355	-0.9999704104720789	1.0030658112091961	1.0042911828477206
12.122997311458818	2.0367551577099177e-5	2.036757688741119e-5	-0.9999735235356595	-0.9999735282102212	1.0028349238711145	1.0042911828477206
12.246480425451878	1.8258297119551944e-5	1.8258211877667e-5	-0.9999762654985	-0.999976267990595	1.0026246671582804	1.0042911828477206
12.367853537703963	1.6397871974464573e-5	1.6397983939177414e-5	-0.99997868397478	-0.9999786889314968	1.0024330903745429	1.0042911828477206
12.487062692977684	1.4755059130735187e-5	1.4754934933373983e-5	-0.9999808195511729	-0.9999808237080605	1.0022584345958983	1.0042911828477206
12.604054898001682	1.330272940587851e-5	1.3302866107562167e-5	-0.9999827074988026	-0.9999826958327502	1.002099113801668	1.0042911828477206
12.718778145028288	1.2017292328918988e-5	1.2017120206576393e-5	-0.999984378487457	-0.9999843641018631	1.0019536977443797	1.0042911828477206
12.831181434953061	1.0878221817857976e-5	1.087838895823168e-5	-0.999985859202481	-0.9999858656937416	1.0018208963991175	1.0042911828477206
12.941214799985936	9.867646446700446e-6	9.867579411891515e-6	-0.9999871728776311	-0.9999871712175841	1.0016995460569498	1.0042911828477206
13.048829325863927	8.969995474418788e-6	8.970010839736818e-6	-0.9999883397553874	-0.9999883364385965	1.0015885967750107	1.0042911828477206
13.153977173595493	8.171693004769535e-6	8.171440481463736e-6	-0.9999893774846599	-0.9999893997939764	1.001487101063805	1.0042911828477206
13.256611600726874	7.460893684091185e-6	7.460955776103096e-6	-0.9999903014644614	-0.9999903112363548	1.0013942036994108	1.0042911828477206
13.356686982121019	6.8272542440864764e-6	6.826939714927892e-6	-0.9999911251409628	-0.9999911313057925	1.0013091325556753	1.0042911828477206
13.454158830239791	6.261735975814721e-6	6.262162256457274e-6	-0.9999918602643221	-0.9999918358876756	1.0012311903591389	1.0042911828477206
13.548983814920453	5.756433895280368e-6	5.7562272325597886e-6	-0.9999925171108011	-0.9999924599709167	1.0011597472770493	1.0042911828477206
13.641119782637691	5.304428943816973e-6	5.304536521411873e-6	-0.9999931046749266	-0.9999930893847023	1.0010942342563471	1.0042911828477206
13.730525775242558	4.89966006996427e-6	4.899329780225075e-6	-0.9999936308358043	-0.9999936229146866	1.0010341370387668	1.0042911828477206
13.81716204816999	4.536813474248821e-6	4.537272475267585e-6	-0.9999941025011067	-0.9999940557245184	1.0009789907840831	1.0042911828477206
13.900990088106898	4.211226673407268e-6	4.2110903731218964e-6	-0.9999945257318004	-0.9999945494936028	1.0009283752400855	1.0042911828477206
13.981972630112875	3.918805364159044e-6	3.918739258085819e-6	-0.9999949058502304	-0.9999948938469159	1.000881910403868	1.0042911828477206
14.060073674185956	3.6559513456220418e-6	3.6556430301696148e-6	-0.9999952475338187	-0.9999953049184767	1.0008392526246401	1.0042911828477206
14.135258501266083	3.4194999999436325e-6	3.4195827486066204e-6	-0.9999955548963466	-0.9999956201756552	1.000800091103352	1.0042911828477206
14.20749368866912	3.2066660379568263e-6	3.206368408548273e-6	-0.9999958315584838	-0.9999959081281443	1.000764144749064	1.0042911828477206
14.276747124944572	3.0149963952346193e-6	3.0158368768899025e-6	-0.999996080709024	-0.9999960308142489	1.0007311593561716	1.0042911828477206
14.342988024150436	2.842329317760103e-6	2.8420742350789974e-6	-0.9999963051580726	-0.9999963935931141	1.0007009050703535	1.0042911828477206
14.406186939538784	2.68675880897686e-6	2.68767609863578e-6	-0.999996507383267	-0.9999963754312131	1.000673174114485	1.0042911828477206
14.46631577664602	2.5466037241904103e-6	2.5458803658894717e-6	-0.9999966895699504	-0.9999966980518165	1.0006477787487529	1.0042911828477206
14.523347805782018	2.420380896711395e-6	2.420914321380516e-6	-0.9999968536461091	-0.9999972493077991	1.0006245494412123	1.0042911828477206
14.577257673912532	2.306781764969835e-6	2.3064544097538576e-6	-0.9999970013127553	-0.9999971788246567	1.000603333226591	1.0042911828477206
14.628021415929648	2.2046520429882225e-6	2.205283737459257e-6	-0.9999971340703546	-0.999997186144533	1.0005839922508435	1.0042911828477206
14.675616465305236	2.112974039720772e-6	2.1121319838271825e-6	-0.9999972532418105	-0.9999972651384106	1.0005664024533036	1.0042911828477206
14.720021664122683	2.030851287260791e-6	2.031139948490621e-6	-0.9999973599924458	-0.999997620828503	1.0005504523954458	1.0042911828477206
14.76121727248244	1.9574951850073553e-6	1.9572893021474026e-6	-0.9999974553473656	-0.9999971332923644	1.000536042218133	1.0042911828477206
14.799184977277204	1.892213407618582e-6	1.8929337954051816e-6	-0.9999975402065249	-0.9999979377016208	1.0005230827138654	1.0042911828477206
14.833907900332818	1.8343998598685033e-6	1.832977349650099e-6	-0.9999976153577884	-0.9999972901329699	1.000511494503775	1.0042911828477206
14.865370605911327	1.7835259921519912e-6	1.785385192939311e-6	-0.9999976814882179	-0.9999975627058701	1.0005012073102666	1.0042911828477206
14.893559107572752	1.7391333170245132e-6	1.7381498573977229e-6	-0.9999977391938009	-0.9999984443651343	1.000492159317246	1.0042911828477206
14.918460874392654	1.700826990406551e-6	1.7032348376134707e-6	-0.9999977889877949	-0.9999962971895885	1.0004842966108467	1.0042911828477206
14.94006483653262	1.6682703414363315e-6	1.6668787871733011e-6	-0.9999978313078379	-0.9999985527970433	1.0004775726944546	1.0042911828477206
14.95836139016125	1.641180252860724e-6	1.6440668596046782e-6	-0.9999978665219533	-0.9999981287323296	1.0004719480726585	1.0042911828477206
14.973342401723464	1.619323309700932e-6	1.614892539693674e-6	-0.9999978949335573	-1.0000008782677519	1.000467389899525	1.0042911828477206
14.98500121155617	1.6025126480567525e-6	1.609781406779926e-6	-0.9999979167855529	-0.9999893179726862	1.0004638716873089	1.0042911828477206
14.993332636848773	1.5906054486216808e-6	1.5775778586445487e-6	-0.9999979322635908	-0.9999974555822226	1.0004613730723775	1.0042911828477206
14.998332973947136	1.5835010310401623e-6	1.5775778586445487e-6	-0.9999979414985447	-1.0	1.000459879635779	1.0042911828477206
15.0	1.581139515890034e-6	1.6394693796528849e-6	-0.9999979445682525	-1.0000593415981973	1.000459382776465	1.0042911828477206
