0.0	-2.507803580290338e-27	0.0	0.0	0.5
0.0012461048234264638	0.0006350273323844633	-0.0007675030628242817	-7.916336744146183e-7	0.5002013224952283
0.0049841087382613836	0.0025306595707916928	-0.003069801295003888	-1.2633654494065485e-5	0.5008052398043646
0.01121308015556366	0.005658701592323186	-0.006906144836314288	-6.368483098832565e-5	0.5018116013516054
0.019931466685065402	0.009972673325136376	-0.012274899550263283	-0.00020007353912344456	0.5032201557957625
0.03113709552206778	0.015408570207857027	-0.019172989996272784	-0.0004847135243208571	0.5050305496651035
0.044827173988940316	0.021885913254424936	-0.02759515769713661	-0.0009956857892622973	0.5072423239035945
0.060998290231122354	0.029309073919077888	-0.03753307071392524	-0.001824225512194893	0.5098549068822307
0.07964641406742246	0.037568854456845685	-0.04897432794797795	-0.0030723626915202373	0.5128676021495463
0.10076689799442917	0.046544299864634334	-0.06190140702555966	-0.004850273990112448	0.5162795690093736
0.12435447834476321	0.056104712824493724	-0.07629060787176367	-0.007273410805158231	0.5200897939344695
0.15040327659889563	0.06611183846559615	-0.092111044998473	-0.010459474672046947	0.5242970508619312
0.1789068008501964	0.07642218135173076	-0.10932374011606172	-0.014525315532773518	0.5288998485837868
0.20985794742285435	0.08688941307053549	-0.12788086299599202	-0.019583830951983242	0.5338963637274832
0.2432490026422638	0.09736682534323252	-0.14772516276388434	-0.025740944910907095	0.5392843582390956
0.27907164475742974	0.10770978090247746	-0.16878962425817587	-0.03309274323757895	0.5450610808322471
0.31731694601492855	0.11777811271260683	-0.19099737509261155	-0.04172283898424804	0.5512231525152325
0.35797537488388365	0.12743842161265104	-0.21426185903713363	-0.051700035178835785	0.5577664370590129
0.4010367984314307	0.13656622331312085	-0.2384872807127996	-0.06307634443076726	0.5646858980996874
0.4464904848480522	0.14504789797329326	-0.2635693158674344	-0.07588541505764691	0.5719754454591497
0.4943251061221705	0.15278239938172417	-0.289396071119029	-0.09014140196186156	0.5796277741939027
0.5445287408633295	0.15968268603150915	-0.31584926748407915	-0.10583830777648329	0.5876342008193922
0.5970888772732437	0.16567684303928243	-0.34280561364356166	-0.122949806202447	0.5959845019961447
0.6519924162640169	0.1707088717278101	-0.3701383280997282	-0.1414295454474376	0.6046667612147779
0.7092256747226937	0.17473913254383294	-0.39771876440673826	-0.16121191573388924	0.6136672304231445
0.7687743889213934	0.17774443651337246	-0.4254180907023709	-0.18221325148189219	0.622970213348699
0.8306237180721112	0.17971779030184426	-0.4531089739043652	-0.20433342648269137	0.6325579769862846
0.8947582480253775	0.18066780975732089	-0.48066722014716035	-0.22745778963526436	0.642410697743526
0.9611619951117643	0.18061782618499622	-0.5079733261904709	-0.25145938001259793	0.6525064481524188
1.0298184101253653	0.17960471813434645	-0.5349139014153056	-0.2762013534909423	0.6628212290898247
1.100710382448197	0.1776775088206737	-0.5613829263299883	-0.30153954913453673	0.6733290510645146
1.1738202443145305	0.17489577513781907	-0.5872828208733267	-0.32732512209579545	0.6840020662922967
1.2491297752140635	0.17132791830883082	-0.6125253038168932	-0.3534071709585281	0.6948107509671155
1.3266202064328532	0.16704934840350283	-0.6370320328139123	-0.3796352911014078	0.7057241350108215
1.4062722257308806	0.16214063516925908	-0.6607350227068904	-0.405861991545391	0.716710078155734
1.488065982155053	0.1566856759032006	-0.6835768472198737	-0.4319449205481744	0.7277355840714166
1.571981090986494	0.1507699275787268	-0.7055106358084656	-0.45774885450065617	0.7387671444324702
1.6579966388208245	0.14447874534906044	-0.7264998829833408	-0.483147415004888	0.749771105357691
1.7460911887802375	0.13789586318256383	-0.7465180917060225	-0.5080244898766937	0.7607140459625628
1.83624278585601	0.1311020450939518	-0.7655482754115195	-0.532275344730745	0.7715631581607918
1.9284289623801456	0.12417392760626927	-0.7835823448565628	-0.5558074223126186	0.7822866168386295
2.022626743624807	0.11718306610206333	-0.8006204064124351	-0.5785408364356514	0.7928539303515577
2.1188126535280762	0.11019518997119847	-0.8166699977635663	-0.6004085759273906	0.8032362631287725
2.216962720544701	0.1032696642690938	-0.8317452854233073	-0.6213564411438746	0.8134067235343115
2.3170524836202926	0.09645914923605306	-0.8458662462447688	-0.6413427412144301	0.8233406101401645
2.4190569982875445	0.08980944369817337	-0.859057852400251	-0.6603377841714915	0.833015611322186
2.522950842882908	0.08335949419867822	-0.8713492763303381	-0.6783231945208172	0.8424119503958195
2.62870812488221	0.07714154874462677	-0.8827731291040887	-0.6952910937133955	0.851512484309932
2.7363024873536057	0.07118143227651391	-0.8933647426362643	-0.7112431785468462	0.8603027554529536
2.845707115526287	0.06549892029586582	-0.9031615033940227	-0.7261897309497818	0.8687709967916617
2.9568947434732786	0.06010818739037485	-0.9122022426775218	-0.7401485901117753	0.8769080923609459
3.069837660906682	0.05501830851726123	-0.9205266863281337	-0.7531441147482819	0.8847074971304733
3.184507720083661	0.050233792666035934	-0.928174964827998	-0.7652061596635124	0.8921651224918425
3.3008763428214483	0.045755130740739114	-0.9351871832062827	-0.7763690869078228	0.8992791960270798
3.4189145276196236	0.04157934200602719	-0.9416030489446416	-0.7866708279081184	0.9060501068470492
3.5385928568879024	0.037700506074588455	-0.9474615551484287	-0.7961520091376365	0.9124802393179763
3.659881504277614	0.034110270041634326	-0.9528007155864434	-0.8048551503104268	0.9185737650694651
3.782750242115047	0.03079832288762026	-0.9576573477620247	-0.8128239408274432	0.9243364499873863
3.9071684489348337	0.027752831591793377	-0.9620668999240127	-0.8201025973259571	0.9297754609554849
4.0331051171114405	0.024960835471173667	-0.9660633178216855	-0.8267353027245036	0.934899171384164
4.160528860586937	0.02240859704993966	-0.9696789470206231	-0.8327657251203496	0.9397169723722081
4.289407922693052	0.02008190926052387	-0.972944466698627	-0.8382366132751938	0.9442390924617434
4.419710184065599	0.01796635998369627	-0.9758888510083206	-0.8431894641921496	0.9484764278421479
4.551403170649295	0.016047555866331695	-0.9785393543064964	-0.8476642574079518	0.9524403837235791
4.684454061790985	0.014311308036738003	-0.9809215167938342	-0.851699250056945	0.9561427281528877
4.818829698419226	0.012743782797883305	-0.9830591873700383	-0.8553308264633207	0.9595954585722789
4.954496591308225	0.011331620650688316	-0.9849745607790602	-0.8585933959400966	0.9628106829980674
5.091420929424062	0.010062027115088317	-0.9866882263897627	-0.8615193325743644	0.9658005143042203
5.229568588351104	0.008922838806947999	-0.9882192262235601	-0.8641389510179834	0.968576977287627
5.368905138796522	0.007902568122759327	-0.9895851200983994	-0.8664805126452049	0.9711519286720851
5.509395855170799	0.006990429706943198	-0.990802056004944	-0.8685702568519547	0.9735369896231455
5.6510057242420695	0.00617635165054818	-0.9918848440640275	-0.8704324527289342	0.9757434897207931
5.793699453862156	0.005450974113736473	-0.9928470326329909	-0.8720894668199821	0.9777824206791522
5.93744148176211	0.004805637792730135	-0.9937009853315686	-0.8735618431605353	0.9796643979047659
6.082195984415069	0.004232364376800326	-0.9944579579451207	-0.8748683922644519	0.9813996311923985
6.227926885964239	0.0037238308714704336	-0.9951281743340769	-0.8760262861806922	0.9829979034801538
6.374597867213755	0.003273339407022918	-0.9957209006336276	-0.8770511571668044	0.9844685565381246
6.522172374680175	0.002874783911174931	-0.9962445171673158	-0.8779571979191197	0.9858204822706214
6.670613629702389	0.002522614804291931	-0.9967065876227301	-0.8787572616571326	0.9870621191601919
6.819884637607618	0.002211802676231629	-0.9971139251476624	-0.8794629606806179	0.9882014532569003
6.969948196931273	0.001937801726290401	-0.9974726551216246	-0.8800847623027902	0.9892460230389404
7.120766908688335	0.001696513591432755	-0.9977882744413059	-0.8806320813123047	0.9902029274196114
7.272303185693968	0.001484252052093417	-0.9980657072303704	-0.8811133683329752	0.9910788361339331
7.424519261931032	0.0012977089880707505	-0.9983093569448169	-0.8815361936350221	0.9918800018433719
7.577377201962168	0.0011339218578415122	-0.9985231548958964	-0.8819073261079504	0.9926122744493884
7.730838910384099	0.0009902428913623712	-0.9987106052543084	-0.8822328072356023	0.9932811166826581
7.88486614132181	0.0008643101173976014	-0.9988748266329656	-0.8825180200211498	0.9938916201923234
8.03942050796022	0.0007540202899522389	-0.9990185903719224	-0.8827677528965239	0.9944485224405044
8.194463492110977	0.0006575037329064853	-0.9991443556690417	-0.8829862587195662	0.9949562241140691
8.349956453812007	0.0005731010859463609	-0.9992543017143695	-0.8831773090154145	0.9954188067740652
8.50586064095739	0.0004993419069957355	-0.9993503569958165	-0.8833442436585477	0.9958400504994667
8.66213719895521	0.000434925065332725	-0.9994342259493115	-0.8834900162205177	0.9962234513203672
8.81874718041092	0.00037870084430577	-0.9995074131287274	-0.8836172352275184	0.9965722382752271
8.975651554833865	0.0003296546620684426	-0.9995712450702083	-0.8837282015832227	0.9968893899665335
9.132811218364491	0.00028689231216428917	-0.9996268900225307	-0.883824942417165	0.9971776505285483
9.290187003519842	0.0002496266223681241	-0.9996753757103408	-0.8839092416186457	0.9974395450157914
9.447739688954918	0.00021716542928400863	-0.9997176052908754	-0.8839826673117408	0.9976773943530383
9.605430009237471	0.00018890076726802828	-0.999754371657503	-0.8840465965194707	0.9978933295565156
9.76321866463376	0.00016429917282165124	-0.9997863702354053	-0.8841022372552834	0.9980893051751698
9.921066330902866	0.0001428930093044037	-0.9998142104062061	-0.8841506482684329	0.9982671120548486
10.078933669097133	0.00012427272132127865	-0.9998384256896025	-0.8841927566571086	0.998428389503887
10.23678133536624	0.00010807993318842709	-0.9998594828011937	-0.8842293735497757	0.9985746368152524
10.394569990762527	9.400131125697123e-5	-0.9998777896969419	-0.8842612080414706	0.9987072241166344
10.55226031104508	8.176311540853769e-5	-0.9998937027060991	-0.8842888795580728	0.998827402537137
10.709812996480158	7.112637059270882e-5	-0.9999075328461359	-0.8843129288080632	0.9989363136950858
10.867188781635509	6.188259475184616e-5	-0.9999195514052337	-0.8843338274681644	0.9990349985257614
11.024348445166133	5.3850024793854796e-5	-0.9999299948703532	-0.8843519867366678	0.999124405480422
11.18125281958908	4.687028737072872e-5	-0.99993906927175	-0.8843677648762939	0.99920539813871
11.33786280104479	4.080546605984029e-5	-0.9999469540081314	-0.8843814738571454	0.9992787622992634
11.494139359042608	3.553552109937104e-5	-0.9999538052104313	-0.8843933851997496	0.9993452125576832
11.650043546187991	3.095602208438912e-5	-0.9999597586964094	-0.8844037351083731	0.9994053983427204
11.805536507889022	2.6976157979441175e-5	-0.9999649325629846	-0.884412728975702	0.9994599095506906
11.96057949203978	2.3516992448447913e-5	-0.9999694294583227	-0.8844205453316172	0.9995092816876232
12.11513385867819	2.0509935849261295e-5	-0.9999733385712558	-0.8844273393011479	0.9995540006374705
12.269161089615901	1.7895408298894976e-5	-0.9999767373715539	-0.8844332456296907	0.9995945070693973
12.42262279803783	1.5621670999245508e-5	-0.999979693130885	-0.8844383813272376	0.9996312004959176
12.575480738068967	1.3643805537223156e-5	-0.9999822642509826	-0.8844428479776127	0.9996644429969437
12.72769681430603	1.1922823153859139e-5	-0.9999845014225291	-0.8844467337535266	0.9996945626274888
12.879233091311663	1.042488803106003e-5	-0.9999864486355757	-0.8844501151735844	0.9997218565288668
13.030051803068726	9.120640489287211e-6	-0.9999881440598978	-0.8844530586332116	0.9997465937647559
13.180115362392382	7.984607641362969e-6	-0.9999896208115209	-0.8844556217376854	0.9997690179044646
13.329386370297609	6.994690523246118e-6	-0.9999909076197291	-0.8844578544621502	0.999789349376206
13.477827625319824	6.131718037616912e-6	-0.999992029407139	-0.8844598001604711	0.9998077876133228
13.625402132786244	5.37905921540544e-6	-0.9999930077939059	-0.884461496442168	0.999824513027751
13.77207311403576	4.722286337951399e-6	-0.9999938615357706	-0.884462975934302	0.9998396887586471
13.917804015584931	4.148882381351814e-6	-0.9999946069044555	-0.8844642669431042	0.9998534623118033
14.06255851823789	3.6479870568552594e-6	-0.9999952580178666	-0.8844653940283113	0.9998659670394912
14.20630054613784	3.2101764379960376e-6	-0.9999958271266132	-0.8844663785015314	0.9998773234740461
14.34899427575793	2.827271796761085e-6	-0.9999963248625454	-0.8844672388585527	0.9998876405466779
14.490604144829199	2.4921738267262636e-6	-0.9999967604542815	-0.8844679911542319	0.9998970166983588
14.631094861203476	2.198718919227534e-6	-0.9999971419140574	-0.8844686493275133	0.9999055408898508
14.770431411648897	1.9415545868895146e-6	-0.9999974761996832	-0.8844692254831388	0.999913293518009
14.908579070575936	1.7160315040744712e-6	-0.9999977693548918	-0.8844697301357853	0.9999203472454796
15.045503408691774	1.5181099622310577e-6	-0.9999980266309493	-0.8844701724216009	0.9999267677508002
15.18117030158077	1.3442788252258522e-6	-0.9999982525920108	-0.8844705602814713	0.9999326144057216
15.315545938209013	1.1914853204776597e-6	-0.9999984512063921	-0.884470900619785	0.9999379408863165
15.448596829350706	1.057074220471229e-6	-0.9999986259256297	-0.8844711994419627	0.9999427957241196
15.5802898159344	9.387351599136312e-7	-0.9999987797529681	-0.8844714619735872	0.9999472228031852
15.710592077306949	8.344569998688369e-7	-0.9999989153026829	-0.8844716927635996	0.9999512618085614
15.83947113941306	7.424882947309742e-7	-0.999999034851472	-0.884471895773695	0.9999549486312536
15.96689488288856	6.613030435720291e-7	-0.9999991403829753	-0.8844720744557668	0.9999583157368481
16.092831551065167	5.895710166137721e-7	-0.9999992336263497	-0.8844722318190064	0.9999613924937324
16.21724975788495	5.261320424174309e-7	-0.9999993160896927	-0.8844723704880475	0.9999642054656808
16.340118495722386	4.699737237045297e-7	-0.9999993890890096	-0.8844724927533532	0.9999667786927967
16.461407143112098	4.2021212113030887e-7	-0.999999453773325	-0.8844726006148995	0.9999691339333145
16.581085472380376	3.7607500624534945e-7	-0.9999995111464498	-0.8844726958200403	0.9999712908828571
16.699123657178554	3.3688733853748267e-7	-0.9999995620858613	-0.8844727798963484	0.9999732673734432
16.815492279916334	3.020586679290311e-7	-0.9999996073590787	-0.8844728541801021	0.9999750795538278
16.930162339093318	2.710722043563027e-7	-0.9999996476378699	-0.8844729198410007	0.9999767420526999
17.04310525652672	2.4347533090432526e-7	-0.9999996835105853	-0.8844729779036158	0.9999782681261818
17.154292884473712	2.1887136712650107e-7	-0.9999997154928655	-0.884473029266017	0.9999796697909961
17.263697512646395	1.9691241527094785e-7	-0.999999744036937	-0.8844730747159483	0.9999809579445802
17.371291875117787	1.772931447060669e-7	-0.9999997695396948	-0.8844731149448811	0.9999821424733517
17.477049157117094	1.5974538935816242e-7	-0.9999997923497235	-0.8844731505602326	0.9999832323502358
17.580943001712455	1.4403344985463847e-7	-0.9999998127734058	-0.8844731820959872	0.9999842357224888
17.682947516379706	1.2995000666184808e-7	-0.9999998310802326	-0.8844732100219387	0.9999851599907648
17.7830372794553	1.1731256312584132e-7	-0.9999998475074288	-0.8844732347517306	0.9999860118802995
17.881187346471922	1.059603482339232e-7	-0.9999998622639777	-0.8844732566498625	0.9999867975050045
17.977373256375195	9.57516183466318e-8	-0.9999998755341297	-0.8844732760377904	0.9999875224251955
18.071571037619854	8.65613053037101e-8	-0.9999998874804591	-0.8844732931992433	0.9999881916996093
18.163757214143992	7.827896535723992e-8	-0.9999998982465294	-0.8844733083848634	0.9999888099322964
18.25390881121976	7.080698948039806e-8	-0.9999999079592219	-0.8844733218162493	0.9999893813149263
18.342003361179174	6.405904087086007e-8	-0.9999999167307633	-0.8844733336894925	0.9999899096649744
18.428018909013506	5.7958690025953325e-8	-0.9999999246605036	-0.8844733441782616	0.9999903984602211
18.511934017844943	5.243822170906938e-8	-0.9999999318364645	-0.884473353436501	0.9999908508699391
18.59372777426912	4.743759153738748e-8	-0.9999999383366966	-0.8844733616007875	0.9999912697832795
18.673379793567143	4.290351287194338e-8	-0.9999999442304665	-0.8844733687923987	0.9999916578368454
18.750870224785935	3.8788657244981374e-8	-0.9999999495792959	-0.8844733751191179	0.9999920174321053
18.82617975568547	3.5050953770367475e-8	-0.9999999544378718	-0.8844733806768199	0.99999235075925
18.8992896175518	3.16529748971618e-8	-0.9999999588548455	-0.8844733855508576	0.9999926598176487
18.970181589874635	2.8561397524578103e-8	-0.999999962873533	-0.8844733898172832	0.9999929464330042
19.038838004888234	2.574652993309872e-8	-0.99999996653253	-0.8844733935439147	0.9999932122728686
19.105241751974624	2.3181896231748005e-8	-0.9999999698662528	-0.8844733967912786	0.999993458860688
19.16937628192789	2.0843871100994716e-8	-0.999999972905411	-0.884473399613433	0.9999936875885023
19.231225611078607	1.8711358547235876e-8	-0.9999999756774272	-0.884473402058695	0.9999938997284452
19.290774325277305	1.67655091973069e-8	-0.999999978206803	-0.8844734041702795	0.9999940964431453
19.34800758373598	1.4989471366873303e-8	-0.9999999805154435	-0.8844734059868631	0.9999942787951437
19.402911122726756	1.3368171749219398e-8	-0.9999999826229427	-0.8844734075430775	0.999994447755413
19.455471259136672	1.1888122103368497e-8	-0.9999999845468335	-0.8844734088699491	0.9999946042110703
19.505674893877828	1.0537248783335459e-8	-0.9999999863028101	-0.8844734099952825	0.9999947489723516
19.553509515151948	9.3047423531113e-9	-0.9999999879049236	-0.884473410944001	0.999994882778925
19.59896320156857	8.180924882544937e-9	-0.9999999893657545	-0.8844734117384467	0.9999950063055981
19.642024625116115	7.157132824773926e-9	-0.999999990696564	-0.8844734123986454	0.9999951201674745
19.682683053985073	6.225613642191068e-9	-0.9999999919074294	-0.8844734129425398	0.9999952249246145
19.72092835524257	5.379434580402898e-9	-0.9999999930073629	-0.8844734133861961	0.9999953210862367
19.756750997357734	4.6124021926670184e-9	-0.9999999940044149	-0.884473413743985	0.9999954091145092
19.790142052577146	3.9189913949753625e-9	-0.9999999949057676	-0.884473414028743	0.9999954894279574
19.821093199149804	3.2942829875044753e-9	-0.9999999957178151	-0.884473414251914	0.9999955624045284
19.849596723401106	2.7339087146835785e-9	-0.9999999964462358	-0.8844734144236717	0.9999956283843325
19.875645521655237	2.2340030561094117e-9	-0.9999999970960546	-0.8844734145530296	0.9999956876720969
19.89923310200557	1.7911610463088002e-9	-0.999999997671697	-0.8844734146479374	0.999995740539342
19.920353585932578	1.4024015147540294e-9	-0.9999999981770384	-0.8844734147153615	0.9999957872263154
19.939001709768878	1.06513522038845e-9	-0.9999999986154453	-0.884473414761359	0.999995827943686
19.955172826011058	7.771374286900451e-10	-0.9999999989898085	-0.8844734147911395	0.9999958628740244
19.96886290447793	5.365245452666034e-10	-0.9999999993025771	-0.8844734148091171	0.9999958921730785
19.980068533314935	3.4173447941562845e-10	-0.9999999995557811	-0.8844734148189548	0.9999959159708571
19.988786919844436	1.9151046492173948e-10	-0.9999999997510549	-0.8844734148236023	0.9999959343725309
19.995015891261737	8.488811465197255e-11	-0.9999999998896514	-0.8844734148253233	0.9999959474591578
19.998753895176574	2.1185530988082003e-11	-0.9999999999724571	-0.8844734148257198	0.999995955288242
20.0	-3.6633275090567684e-15	-1.0000000000000007	-0.884473414825746	0.9999959578941295
